x,vectime,listtime,vecgain
0,1900,1333,-567
1,2266,2300,34
2,2366,2333,-33
3,2700,19566,16866
4,3633,3133,-500
5,3600,4133,533
6,4633,5900,1267
7,5266,4400,-866
8,4666,3900,-766
9,5666,5033,-633
10,5933,5200,-733
11,5266,10500,5234
12,7500,7866,366
13,6533,10366,3833
14,7200,4533,-2667
15,8566,5333,-3233
16,7700,9100,1400
17,8666,8233,-433
18,9133,6800,-2333
19,9200,14066,4866
20,10066,12666,2600
21,11033,13166,2133
22,10200,14366,4166
23,13433,13233,-200
24,24366,13100,-11266
25,11000,21966,10966
26,11633,13266,1633
27,11233,13600,2367
28,13366,20666,7300
29,14066,16366,2300
30,13500,17733,4233
31,13966,15400,1434
32,30500,69066,38566
33,24800,56100,31300
34,18133,20066,1933
35,19200,37933,18733
36,18400,20100,1700
37,15600,19000,3400
38,33666,24033,-9633
39,18300,17366,-934
40,17800,18533,733
41,19133,22900,3767
42,20100,23100,3000
43,48333,24033,-24300
44,18500,26833,8333
45,100300,25633,-74667
46,20433,26400,5967
47,21166,26700,5534
48,23166,28566,5400
49,22100,27300,5200
50,23500,25933,2433
51,24066,24133,67
52,22633,27800,5167
53,72233,26366,-45867
54,22666,27633,4967
55,23666,29733,6067
56,32600,36233,3633
57,25466,31533,6067
58,28733,35433,6700
59,47466,48100,634
60,26333,33500,7167
61,27500,37266,9766
62,30633,50266,19633
63,30800,33233,2433
64,28600,41966,13366
65,31933,29533,-2400
66,35933,39300,3367
67,36566,51500,14934
68,30633,31833,1200
69,33966,40733,6767
70,71600,37800,-33800
71,34000,41300,7300
72,46833,39100,-7733
73,37400,41766,4366
74,40300,59833,19533
75,35566,45566,10000
76,35966,44900,8934
77,32866,42733,9867
78,33566,40700,7134
79,35600,45366,9766
80,36166,42300,6134
81,40600,40066,-534
82,47800,46900,-900
83,33933,32800,-1133
84,74500,42100,-32400
85,40833,48666,7833
86,36133,128433,92300
87,46566,47300,734
88,59633,50933,-8700
89,47033,52666,5633
90,53600,45666,-7934
91,38633,65133,26500
92,72933,63966,-8967
93,53133,55566,2433
94,54000,52333,-1667
95,42333,119833,77500
96,43800,140066,96266
97,47700,52366,4666
98,49800,49500,-300
99,432900,75700,-357200
100,44733,42866,-1867
101,45100,46800,1700
102,49133,169266,120133
103,47066,68833,21767
104,53400,64666,11266
105,52966,169666,116700
106,69566,78600,9034
107,48666,55833,7167
108,95266,65333,-29933
109,46366,75566,29200
110,51600,79633,28033
111,171300,105633,-65667
112,205433,65933,-139500
113,49300,171100,121800
114,69700,62200,-7500
115,48433,66433,18000
116,52533,1845566,1793033
117,101600,67566,-34034
118,49566,66533,16967
119,52300,89800,37500
120,93133,83066,-10067
121,54466,504466,450000
122,422700,316866,-105834
123,75166,84700,9534
124,55066,83666,28600
125,62800,650933,588133
126,66833,95766,28933
127,114066,71066,-43000
128,57800,106866,49066
129,66000,80766,14766
130,59166,78833,19667
131,69466,418633,349167
132,71200,82166,10966
133,56766,268400,211634
134,58466,252866,194400
135,60966,77500,16534
136,61600,82633,21033
137,71600,85500,13900
138,111333,77933,-33400
139,68066,126133,58067
140,59866,86200,26334
141,66033,64633,-1400
142,71933,94366,22433
143,60633,80766,20133
144,67466,89466,22000
145,84466,95600,11134
146,72233,124200,51967
147,107666,84400,-23266
148,75266,97500,22234
149,84666,160800,76134
150,120200,98133,-22067
151,69400,115466,46066
152,139633,329100,189467
153,72500,89466,16966
154,60500,106200,45700
155,73966,86933,12967
156,556333,90800,-465533
157,68100,91133,23033
158,69966,108266,38300
159,78366,101766,23400
160,76700,107533,30833
161,100466,98866,-1600
162,165366,87666,-77700
163,74933,93800,18867
164,86233,107700,21467
165,92333,110266,17933
166,86866,113533,26667
167,84800,138600,53800
168,141700,99133,-42567
169,76466,125133,48667
170,75166,132300,57134
171,113333,128400,15067
172,70600,116533,45933
173,74600,129766,55166
174,113600,108933,-4667
175,69966,108833,38867
176,83166,146466,63300
177,96700,507300,410600
178,280400,108133,-172267
179,78900,243600,164700
180,92666,114366,21700
181,82800,114800,32000
182,82966,129733,46767
183,87733,111266,23533
184,85800,274933,189133
185,135200,338533,203333
186,83800,134266,50466
187,74933,122033,47100
188,120700,129866,9166
189,83433,124866,41433
190,80900,129333,48433
191,92000,94266,2266
192,173133,124533,-48600
193,102666,274633,171967
194,93733,108066,14333
195,331000,119833,-211167
196,121700,118133,-3567
197,105033,128900,23867
198,84300,119833,35533
199,77933,129533,51600
200,152666,124233,-28433
201,92266,127433,35167
202,228333,155800,-72533
203,165133,140066,-25067
204,108400,220200,111800
205,89366,122333,32967
206,116366,203066,86700
207,221100,141700,-79400
208,128933,129266,333
209,119566,225033,105467
210,137033,139666,2633
211,115933,397633,281700
212,216366,117400,-98966
213,181666,153633,-28033
214,97100,325166,228066
215,107233,146400,39167
216,125066,150500,25434
217,95066,142233,47167
218,133633,167300,33667
219,125433,153066,27633
220,101233,144066,42833
221,103066,145633,42567
222,98200,146500,48300
223,103266,195300,92034
224,92200,153333,61133
225,290433,158600,-131833
226,104333,186433,82100
227,91800,142033,50233
228,113466,152666,39200
229,826533,154566,-671967
230,103766,256700,152934
231,148700,361700,213000
232,128500,154833,26333
233,123100,153600,30500
234,146566,188633,42067
235,111100,151566,40466
236,101166,228600,127434
237,107966,160100,52134
238,101800,156400,54600
239,140400,234166,93766
240,147666,184066,36400
241,147300,172633,25333
242,142200,153433,11233
243,102733,157266,54533
244,158433,156566,-1867
245,148833,153400,4567
246,109466,165833,56367
247,95866,176633,80767
248,130200,218433,88233
249,111200,200166,88966
250,112466,162600,50134
251,113733,162500,48767
252,119600,147533,27933
253,115200,141333,26133
254,131666,197466,65800
255,138733,187900,49167
256,159833,200766,40933
257,132900,170400,37500
258,124766,169500,44734
259,155600,206466,50866
260,137166,217200,80034
261,111600,167833,56233
262,132366,176133,43767
263,100000,242666,142666
264,123200,176766,53566
265,121366,178366,57000
266,147200,189400,42200
267,148966,161433,12467
268,113833,184233,70400
269,97733,195233,97500
270,116733,176666,59933
271,122333,175433,53100
272,85266,148866,63600
273,91433,151866,60433
274,145066,204900,59834
275,158100,179700,21600
276,96166,171633,75467
277,127400,188000,60600
278,157566,216200,58634
279,88000,194766,106766
280,126766,160500,33734
281,134033,245133,111100
282,89833,163000,73167
283,126566,180133,53567
284,153700,210733,57033
285,132333,193166,60833
286,166366,226966,60600
287,146266,194366,48100
288,136633,188033,51400
289,124100,192400,68300
290,105833,175166,69333
291,160066,201133,41067
292,83466,181666,98200
293,164700,211733,47033
294,137166,229366,92200
295,134333,210066,75733
296,137600,216533,78933
297,146100,220466,74366
298,133366,209266,75900
299,183100,242033,58933
300,234633,247633,13000
301,133666,207866,74200
302,151200,221733,70533
303,195300,255766,60466
304,138466,222166,83700
305,158666,236166,77500
306,178566,247966,69400
307,151133,219100,67967
308,188700,303866,115166
309,141366,231133,89767
310,209400,267866,58466
311,182866,263466,80600
312,218800,262466,43666
313,181233,269400,88167
314,140000,229933,89933
315,149866,169866,20000
316,118500,236566,118066
317,149433,298200,148767
318,201900,230400,28500
319,178733,251800,73067
320,185166,215900,30734
321,113700,193466,79766
322,200666,210666,10000
323,164000,220500,56500
324,109933,239600,129667
325,99900,238600,138700
326,153733,244866,91133
327,123166,251666,128500
328,178166,256233,78067
329,131066,252333,121267
330,182033,227133,45100
331,131433,247700,116267
332,138400,299166,160766
333,177800,232166,54366
334,146666,241133,94467
335,189366,259966,70600
336,125400,218166,92766
337,176300,257766,81466
338,191866,283700,91834
339,155333,236000,80667
340,198233,306333,108100
341,192933,279933,87000
342,152600,219633,67033
343,182133,263900,81767
344,149100,246833,97733
345,135266,211366,76100
346,125500,266066,140566
347,204733,343266,138533
348,471333,271133,-200200
349,203666,268833,65167
350,155700,231166,75466
351,185066,321566,136500
352,166133,234166,68033
353,217033,312333,95300
354,212766,295733,82967
355,240066,332966,92900
356,202633,309900,107267
357,204366,322633,118267
358,313866,306266,-7600
359,214000,313966,99966
360,154900,268166,113266
361,180600,274233,93633
362,238466,253800,15334
363,114133,227466,113333
364,150300,292966,142666
365,219266,324800,105534
366,161000,227733,66733
367,170100,297033,126933
368,181800,364800,183000
369,176733,304600,127867
370,172133,243233,71100
371,133133,253100,119967
372,188733,251133,62400
373,106233,238166,131933
374,184966,315800,130834
375,197033,262000,64967
376,119900,222566,102666
377,198500,287866,89366
378,149700,253966,104266
379,163666,280800,117134
380,247266,294533,47267
381,244800,322400,77600
382,168066,272533,104467
383,174300,480966,306666
384,212633,317566,104933
385,225800,333300,107500
386,180133,318566,138433
387,252300,350300,98000
388,324266,323866,-400
389,179633,594333,414700
390,3657133,317100,-3340033
391,187766,304966,117200
392,181133,280333,99200
393,3396466,310300,-3086166
394,238400,316133,77733
395,226433,356466,130033
396,228733,397600,168867
397,226400,362533,136133
398,176800,1500466,1323666
399,352166,348333,-3833
400,196400,319733,123333
401,178800,334066,155266
402,188133,321933,133800
403,235133,368266,133133
404,180366,337000,156634
405,266066,408300,142234
406,243333,369133,125800
407,194400,316566,122166
408,280833,397800,116967
409,189233,305800,116567
410,215866,351266,135400
411,185600,325100,139500
412,184500,325133,140633
413,236100,413566,177466
414,215033,395333,180300
415,253533,342833,89300
416,231633,463133,231500
417,264100,537366,273266
418,243333,388933,145600
419,187666,330033,142367
420,288366,419766,131400
421,194800,345700,150900
422,187766,324666,136900
423,597200,561900,-35300
424,291033,376766,85733
425,221666,363933,142267
426,209400,328600,119200
427,194333,327733,133400
428,261800,417466,155666
429,233233,321933,88700
430,198333,323533,125200
431,234400,367733,133333
432,194366,352766,158400
433,204300,389966,185666
434,254600,364233,109633
435,193600,350766,157166
436,189000,351866,162866
437,241933,424800,182867
438,200266,364200,163934
439,248166,370500,122334
440,217633,540633,323000
441,215000,363000,148000
442,216200,352700,136500
443,202433,353266,150833
444,273766,394533,120767
445,139633,312800,173167
446,210100,336533,126433
447,131200,293466,162266
448,214233,337500,123267
449,270733,447000,176267
450,212233,416866,204633
451,251233,450500,199267
452,244266,454166,209900
453,252700,388200,135500
454,197466,388733,191267
455,237600,369200,131600
456,188600,387300,198700
457,206600,380433,173833
458,256800,394366,137566
459,243633,612533,368900
460,269933,406366,136433
461,267466,450266,182800
462,308500,412033,103533
463,282400,430033,147633
464,189466,423933,234467
465,203833,493766,289933
466,254833,381033,126200
467,218133,359133,141000
468,224466,357366,132900
469,221166,359733,138567
470,257866,437566,179700
471,190366,396600,206234
472,208366,390433,182067
473,270033,456566,186533
474,214233,402633,188400
475,325500,435800,110300
476,268433,454866,186433
477,220300,385933,165633
478,393000,406900,13900
479,273366,464633,191267
480,249600,384633,135033
481,223600,390100,166500
482,223766,402666,178900
483,226733,404200,177467
484,223100,426633,203533
485,275600,387800,112200
486,239066,410366,171300
487,275533,436600,161067
488,271633,484400,212767
489,327633,470166,142533
490,231733,424833,193100
491,272000,508900,236900
492,230200,424800,194600
493,289200,505333,216133
494,647600,425566,-222034
495,226066,458833,232767
496,291966,474733,182767
497,265166,516566,251400
498,251400,449366,197966
499,275500,439266,163766
500,246533,488966,242433
501,262166,453800,191634
502,225500,566166,340666
503,321533,571833,250300
504,298866,490466,191600
505,244400,475966,231566
506,305300,540100,234800
507,438566,694566,256000
508,328100,476500,148400
509,342033,1286933,944900
510,313133,479566,166433
511,272133,560866,288733
512,249366,441866,192500
513,234433,510000,275567
514,261933,485833,223900
515,338833,647333,308500
516,300400,530533,230133
517,300866,474166,173300
518,230466,505100,274634
519,419866,532366,112500
520,224300,513666,289366
521,295833,526666,230833
522,304733,613600,308867
523,296566,514500,217934
524,306133,545000,238867
525,314933,540000,225067
526,241233,510033,268800
527,290966,549233,258267
528,347533,608766,261233
529,285900,478966,193066
530,303966,533066,229100
531,290366,565466,275100
532,244133,476766,232633
533,266600,478833,212233
534,355366,524600,169234
535,265366,1277466,1012100
536,253633,515266,261633
537,269300,499066,229766
538,249400,493133,243733
539,268733,491866,223133
540,246133,534300,288167
541,331466,577166,245700
542,301166,604800,303634
543,269066,532533,263467
544,397666,535933,138267
545,393700,769700,376000
546,482833,548233,65400
547,281133,690233,409100
548,460066,822733,362667
549,377166,647233,270067
550,2079000,509866,-1569134
551,414600,661833,247233
552,447233,604700,157467
553,342466,654400,311934
554,242500,601800,359300
555,391800,570100,178300
556,275033,528733,253700
557,335366,608433,273067
558,659600,582166,-77434
559,308100,936633,628533
560,776700,1396300,619600
561,977533,1364866,387333
562,291566,834033,542467
563,549300,662800,113500
564,1131566,699200,-432366
565,312866,564733,251867
566,337233,908166,570933
567,313133,713900,400767
568,444300,613033,168733
569,283866,517133,233267
570,279466,560066,280600
571,302466,643033,340567
572,296533,744700,448167
573,578866,576966,-1900
574,335533,605033,269500
575,355900,651500,295600
576,343366,629000,285634
577,349733,624966,275233
578,346566,642633,296067
579,256166,599866,343700
580,441300,663700,222400
581,316566,1565266,1248700
582,270400,566033,295633
583,239133,567433,328300
584,400266,726500,326234
585,273800,747066,473266
586,281466,576533,295067
587,533466,1026033,492567
588,338900,782866,443966
589,279333,605400,326067
590,707166,830900,123734
591,967300,625666,-341634
592,273666,691400,417734
593,322500,904766,582266
594,693300,620433,-72867
595,323600,599633,276033
596,323400,877100,553700
597,362566,626433,263867
598,276200,620000,343800
599,302800,1218766,915966
600,891233,605866,-285367
601,290666,596266,305600
602,327600,874966,547366
603,343666,713600,369934
604,285166,590433,305267
605,413666,748600,334934
606,299466,600333,300867
607,349566,718166,368600
608,720900,729066,8166
609,673800,650233,-23567
610,303766,636100,332334
611,381233,835166,453933
612,495533,1198900,703367
613,418600,667666,249066
614,297700,644233,346533
615,306533,597900,291367
616,450066,918266,468200
617,441033,667366,226333
618,317366,646200,328834
619,312966,660233,347267
620,392000,799233,407233
621,576700,723300,146600
622,329166,687866,358700
623,367966,761033,393067
624,300833,664333,363500
625,382333,940700,558367
626,407333,735033,327700
627,328700,782266,453566
628,395366,794966,399600
629,308900,675466,366566
630,304333,790800,486467
631,367433,735500,368067
632,396700,741933,345233
633,386500,747066,360566
634,278400,652266,373866
635,369133,834200,465067
636,734100,702400,-31700
637,436100,733900,297800
638,407800,742500,334700
639,290000,590900,300900
640,296666,544233,247567
641,349966,639933,289967
642,317900,629933,312033
643,252000,655133,403133
644,238166,644566,406400
645,286833,587466,300633
646,209366,641900,432534
647,238000,670100,432100
648,317800,564766,246966
649,212133,691100,478967
650,383233,755766,372533
651,328533,602600,274067
652,427433,690400,262967
653,296033,541633,245600
654,231466,523066,291600
655,197100,690233,493133
656,316233,624200,307967
657,299400,745500,446100
658,451733,698100,246367
659,235033,681466,446433
660,204166,574166,370000
661,191866,680266,488400
662,330266,650866,320600
663,231900,684233,452333
664,215900,618900,403000
665,209400,522400,313000
666,249866,626400,376534
667,298133,672800,374667
668,399500,798200,398700
669,353800,703766,349966
670,247833,722000,474167
671,231400,567900,336500
672,203200,528766,325566
673,222700,565433,342733
674,326633,739966,413333
675,254800,651366,396566
676,366866,751033,384167
677,315166,695500,380334
678,388866,818866,430000
679,416733,781666,364933
680,379900,1005233,625333
681,536133,767500,231367
682,332066,706866,374800
683,417433,841133,423700
684,373933,695466,321533
685,445866,841733,395867
686,388066,823333,435267
687,419733,1020233,600500
688,339833,898300,558467
689,405033,1230800,825767
690,435566,734066,298500
691,637966,787333,149367
692,419766,853866,434100
693,455566,813900,358334
694,322633,849000,526367
695,364866,906666,541800
696,685733,783100,97367
697,361500,781833,420333
698,326500,832633,506133
699,1533833,789333,-744500
700,359733,1065200,705467
701,389833,1226266,836433
702,384666,1028666,644000
703,360733,926666,565933
704,410666,888166,477500
705,506233,913200,406967
706,385066,922300,537234
707,401366,716733,315367
708,403466,801533,398067
709,302366,775200,472834
710,455300,853800,398500
711,300366,894266,593900
712,422800,868866,446066
713,301733,726733,425000
714,316233,634800,318567
715,236700,786200,549500
716,271166,892266,621100
717,370866,702233,331367
718,350066,746233,396167
719,252166,681900,429734
720,394233,799166,404933
721,270200,824233,554033
722,403833,722566,318733
723,270333,669933,399600
724,271500,710566,439066
725,300100,637533,337433
726,340800,689866,349066
727,243900,757766,513866
728,244166,819800,575634
729,233600,802766,569166
730,229933,636600,406667
731,328366,778166,449800
732,233233,730666,497433
733,215200,768400,553200
734,344966,729733,384767
735,343200,711700,368500
736,252033,721300,469267
737,427133,890066,462933
738,520700,952733,432033
739,603466,904200,300734
740,538700,1308100,769400
741,3162166,856833,-2305333
742,369833,2434300,2064467
743,396200,891966,495766
744,367533,946200,578667
745,441266,893500,452234
746,363766,886966,523200
747,1138033,866700,-271333
748,445766,1569500,1123734
749,621733,1155033,533300
750,477400,902766,425366
751,413066,888033,474967
752,332066,844133,512067
753,394633,847800,453167
754,305100,840333,535233
755,429366,954666,525300
756,451666,979566,527900
757,511400,990966,479566
758,417433,1084000,666567
759,346000,952633,606633
760,392900,976933,584033
761,369766,948066,578300
762,437566,944666,507100
763,370333,791133,420800
764,404566,1098366,693800
765,466300,1000500,534200
766,373100,883400,510300
767,459033,898000,438967
768,319000,747000,428000
769,395666,944200,548534
770,336000,837900,501900
771,326933,977866,650933
772,318633,941433,622800
773,463633,836100,372467
774,272300,902733,630433
775,385566,934100,548534
776,479466,969466,490000
777,392666,1034666,642000
778,399400,959733,560333
779,363466,972166,608700
780,279833,834400,554567
781,390833,918900,528067
782,451233,961166,509933
783,442900,865433,422533
784,390900,927700,536800
785,395766,849766,454000
786,273133,939366,666233
787,433633,1007600,573967
788,414233,1006200,591967
789,479133,997033,517900
790,408466,955400,546934
791,337800,887933,550133
792,398666,992366,593700
793,481700,902100,420400
794,449533,995433,545900
795,389366,881600,492234
796,259900,858366,598466
797,417300,864233,446933
798,303900,906833,602933
799,290333,853733,563400
800,368400,886000,517600
801,392600,806166,413566
802,431766,866066,434300
803,297266,821866,524600
804,367133,806333,439200
805,244500,823600,579100
806,311466,861300,549834
807,328900,929566,600666
808,411733,873333,461600
809,465066,1025266,560200
810,268466,920000,651534
811,409666,942133,532467
812,463800,899933,436133
813,261900,796400,534500
814,356966,828600,471634
815,287800,874233,586433
816,397200,865933,468733
817,370700,959433,588733
818,414600,890800,476200
819,249700,756033,506333
820,310133,882200,572067
821,325266,826566,501300
822,239933,775700,535767
823,370233,880533,510300
824,306733,821533,514800
825,353500,877066,523566
826,389133,1013666,624533
827,299866,860100,560234
828,312833,801100,488267
829,267300,836800,569500
830,323800,828633,504833
831,295733,861300,565567
832,240100,745700,505600
833,438566,980700,542134
834,305233,855800,550567
835,244233,982500,738267
836,308000,1032366,724366
837,309666,876866,567200
838,252000,884266,632266
839,306533,812733,506200
840,410266,897333,487067
841,345466,805733,460267
842,340300,898933,558633
843,402800,1011033,608233
844,398900,902366,503466
845,345300,810066,464766
846,384000,1012066,628066
847,420933,1006200,585267
848,485966,1117500,631534
849,296133,853466,557333
850,322466,1110733,788267
851,346933,1125900,778967
852,576133,994233,418100
853,291200,1057866,766666
854,494366,1094633,600267
855,521966,1184133,662167
856,286766,1016066,729300
857,512300,1150066,637766
858,341500,1058300,716800
859,429633,955466,525833
860,353200,1145333,792133
861,439400,962033,522633
862,269033,916233,647200
863,351333,958366,607033
864,281266,841233,559967
865,341966,926766,584800
866,375500,898166,522666
867,314100,941366,627266
868,388333,931400,543067
869,326233,943333,617100
870,380066,961833,581767
871,295833,1037533,741700
872,284266,1163233,878967
873,326100,981800,655700
874,397900,957000,559100
875,394166,1018066,623900
876,309866,956433,646567
877,483066,1112833,629767
878,322500,1127033,804533
879,507466,1269133,761667
880,408833,1133966,725133
881,484733,1006433,521700
882,276800,1022666,745866
883,543100,1178833,635733
884,370900,1105400,734500
885,321333,1106400,785067
886,295100,937500,642400
887,509466,1064833,555367
888,312966,943466,630500
889,284266,992366,708100
890,305233,1149166,843933
891,467900,1181566,713666
892,459000,1039900,580900
893,469933,1024033,554100
894,281300,940166,658866
895,267066,1074966,807900
896,333666,1217566,883900
897,271433,923433,652000
898,332600,1146133,813533
899,312800,1188000,875200
900,307333,928900,621567
901,310766,1195533,884767
902,309866,1197266,887400
903,279366,931800,652434
904,470966,1062833,591867
905,316533,1161066,844533
906,286833,1134366,847533
907,389566,988366,598800
908,354733,1099400,744667
909,313566,1015066,701500
910,456233,1066133,609900
911,316433,1054566,738133
912,279666,927366,647700
913,314066,1019733,705667
914,314900,963300,648400
915,255933,889900,633967
916,262333,906600,644267
917,331200,938633,607433
918,245266,916533,671267
919,254066,896533,642467
920,282600,1029433,746833
921,284800,944566,659766
922,275733,908400,632667
923,305300,1011400,706100
924,278400,1211900,933500
925,402800,1150466,747666
926,335133,1156100,820967
927,432600,990366,557766
928,369433,1052700,683267
929,522233,1213433,691200
930,364433,1350200,985767
931,322366,1200233,877867
932,422933,1261933,839000
933,305766,1069100,763334
934,315000,1081933,766933
935,343400,1241133,897733
936,607200,1176700,569500
937,404633,1075700,671067
938,387233,1164233,777000
939,373800,1378966,1005166
940,567600,1215000,647400
941,474333,1290733,816400
942,572466,1246766,674300
943,598133,1836133,1238000
944,488300,1418266,929966
945,467966,1450166,982200
946,662633,1470433,807800
947,477633,2963300,2485667
948,643733,1373400,729667
949,619500,1342600,723100
950,2442033,2003466,-438567
951,602266,1368166,765900
952,645733,1437433,791700
953,488566,1326133,837567
954,575000,1409600,834600
955,576266,1420566,844300
956,398766,1348966,950200
957,464900,1348366,883466
958,652633,1508533,855900
959,493700,1250333,756633
960,540866,1281966,741100
961,514066,1255333,741267
962,527433,1326666,799233
963,326000,1135866,809866
964,348533,1168166,819633
965,396000,1330866,934866
966,381266,1262533,881267
967,410900,1137966,727066
968,378500,1150466,771966
969,379066,1151200,772134
970,355233,1186233,831000
971,518466,1395300,876834
972,457366,1345300,887934
973,492733,1305500,812767
974,563133,1319633,756500
975,478933,1460633,981700
976,378500,1169866,791366
977,384333,1204300,819967
978,514300,1339666,825366
979,582233,1433266,851033
980,764366,1608600,844234
981,387900,1440766,1052866
982,592433,1399300,806867
983,399200,1266966,867766
984,329233,1240500,911267
985,353366,1350300,996934
986,606833,1378266,771433
987,574300,1260100,685800
988,337933,1274266,936333
989,454566,1398666,944100
990,622533,1434066,811533
991,331433,1365533,1034100
992,383400,1427100,1043700
993,342533,1195800,853267
994,320033,1228166,908133
995,381966,1332266,950300
996,588933,1375733,786800
997,362333,1152933,790600
998,366800,1282733,915933
999,356833,1272100,915267
1000,353433,1156733,803300
1001,322366,1140766,818400
1002,361933,1384400,1022467
1003,364933,1265633,900700
1004,341433,1157733,816300
1005,492966,1277666,784700
1006,387166,1350133,962967
1007,370200,1167400,797200
1008,367266,1246166,878900
1009,480933,1215633,734700
1010,481633,1256666,775033
1011,362000,1277633,915633
1012,353066,1373333,1020267
1013,317300,1145000,827700
1014,381933,1240800,858867
1015,307466,1318700,1011234
1016,383733,1350800,967067
1017,397400,1279833,882433
1018,305100,1203866,898766
1019,378066,1313466,935400
1020,315900,1194600,878700
1021,422433,1205933,783500
1022,352866,1474366,1121500
1023,308166,1183900,875734
1024,314366,1337566,1023200
1025,339533,1163733,824200
1026,293333,1201600,908267
1027,383400,1143866,760466
1028,313066,1219333,906267
1029,304600,1130666,826066
1030,501733,1388433,886700
1031,327000,1172333,845333
1032,343266,1163000,819734
1033,462000,1318900,856900
1034,325000,1155366,830366
1035,280733,1183866,903133
1036,384466,1282566,898100
1037,323000,1171000,848000
1038,278066,1081166,803100
1039,427200,1240533,813333
1040,319900,1169566,849666
1041,282066,1125833,843767
1042,522433,1289066,766633
1043,330233,1243466,913233
1044,449866,1337733,887867
1045,320500,1201100,880600
1046,327866,1309700,981834
1047,304600,1380233,1075633
1048,314766,1463133,1148367
1049,471533,1277866,806333
1050,331966,1244733,912767
1051,309400,1209433,900033
1052,530633,1440766,910133
1053,475566,1275466,799900
1054,370300,1794633,1424333
1055,650333,1966566,1316233
1056,668266,1641233,972967
1057,615066,1591466,976400
1058,720200,1698233,978033
1059,342433,1350600,1008167
1060,338033,1547500,1209467
1061,501033,1537966,1036933
1062,492933,1488366,995433
1063,517100,1562433,1045333
1064,531933,1495300,963367
1065,488700,1682933,1194233
1066,449733,1580233,1130500
1067,627066,1683466,1056400
1068,557800,1568233,1010433
1069,481200,1828566,1347366
1070,442333,1761700,1319367
1071,610433,1508500,898067
1072,364666,1639700,1275034
1073,681933,1734566,1052633
1074,682333,1566366,884033
1075,350833,1382366,1031533
1076,381766,1522466,1140700
1077,505566,1423866,918300
1078,388400,1703566,1315166
1079,377000,1693300,1316300
1080,390433,1407466,1017033
1081,324666,1351400,1026734
1082,370566,1384866,1014300
1083,329766,1278300,948534
1084,372600,1348200,975600
1085,373633,1385966,1012333
1086,367033,1324766,957733
1087,342033,1470266,1128233
1088,393066,1377466,984400
1089,313533,1315666,1002133
1090,321233,1359600,1038367
1091,421200,1563000,1141800
1092,531966,1425366,893400
1093,364166,1405866,1041700
1094,376900,1412100,1035200
1095,319833,1327300,1007467
1096,330566,1341766,1011200
1097,324200,1321066,996866
1098,369900,1488133,1118233
1099,511866,1417466,905600
1100,398266,1366766,968500
1101,321033,1419166,1098133
1102,364600,1399200,1034600
1103,388966,1404966,1016000
1104,379000,1364200,985200
1105,316200,1309566,993366
1106,359366,1564333,1204967
1107,376300,1390466,1014166
1108,335966,1401566,1065600
1109,530733,1577466,1046733
1110,580366,1677766,1097400
1111,533133,1604566,1071433
1112,791933,1850233,1058300
1113,571333,1708333,1137000
1114,365100,1545466,1180366
1115,605433,1547433,942000
1116,363800,1522100,1158300
1117,402733,1742800,1340067
1118,543566,1479466,935900
1119,499766,1637133,1137367
1120,495666,1625566,1129900
1121,415400,1579533,1164133
1122,445500,1768833,1323333
1123,576066,1786500,1210434
1124,503566,1783500,1279934
1125,421200,1769333,1348133
1126,354366,1519433,1165067
1127,452000,1747400,1295400
1128,683033,1671766,988733
1129,534400,1676766,1142366
1130,625366,1884966,1259600
1131,604400,1666033,1061633
1132,627333,1609233,981900
1133,468666,1559233,1090567
1134,431233,1647633,1216400
1135,358000,1541800,1183800
1136,425266,1806166,1380900
1137,659833,1700533,1040700
1138,361300,1492800,1131500
1139,425633,1660533,1234900
1140,558133,1654466,1096333
1141,496700,1493533,996833
1142,784833,1934033,1149200
1143,394466,1575900,1181434
1144,374966,1554733,1179767
1145,415533,1558400,1142867
1146,339100,1530300,1191200
1147,336666,1492800,1156134
1148,412100,1566400,1154300
1149,387400,1652900,1265500
1150,316366,1529100,1212734
1151,638233,1407700,769467
1152,359566,1455400,1095834
1153,494033,1588600,1094567
1154,462566,1443733,981167
1155,314033,1695033,1381000
1156,477900,1850433,1372533
1157,439166,1562633,1123467
1158,458333,1378066,919733
1159,551033,1644633,1093600
1160,475333,1447533,972200
1161,330466,1515833,1185367
1162,566800,1651100,1084300
1163,508666,1391000,882334
1164,315433,1394266,1078833
1165,314400,1603466,1289066
1166,483700,1423400,939700
1167,317266,1373966,1056700
1168,516800,1605100,1088300
1169,480533,1469000,988467
1170,320400,1412633,1092233
1171,602766,1712500,1109734
1172,381300,1511366,1130066
1173,326366,1410200,1083834
1174,625400,1629866,1004466
1175,410300,1670966,1260666
1176,596400,1512100,915700
1177,526600,1590700,1064100
1178,455900,1737333,1281433
1179,407700,1421466,1013766
1180,726600,1668766,942166
1181,387400,1437600,1050200
1182,327700,1484300,1156600
1183,345266,1585866,1240600
1184,445233,1488300,1043067
1185,326800,1660500,1333700
1186,393800,1622166,1228366
1187,390266,1535500,1145234
1188,318133,1431400,1113267
1189,358800,1443733,1084933
1190,487000,1776366,1289366
1191,428033,1517566,1089533
1192,326666,1442366,1115700
1193,410433,1677500,1267067
1194,366966,1524000,1157034
1195,589900,1781900,1192000
1196,457633,1788333,1330700
1197,407133,1530100,1122967
1198,491866,1628400,1136534
1199,406733,1682433,1275700
1200,354700,1474266,1119566
1201,614266,1754900,1140634
1202,476400,1638066,1161666
1203,327600,1803700,1476100
1204,435533,1660800,1225267
1205,614300,1672000,1057700
1206,399933,1566800,1166867
1207,334500,1549266,1214766
1208,462000,1630533,1168533
1209,353233,1490366,1137133
1210,345066,1598433,1253367
1211,554400,1594266,1039866
1212,340333,1523200,1182867
1213,569233,1789600,1220367
1214,433266,2071566,1638300
1215,325400,1512733,1187333
1216,355000,1655866,1300866
1217,658433,1586333,927900
1218,418900,1635166,1216266
1219,618633,1556766,938133
1220,365633,1647133,1281500
1221,460466,1502466,1042000
1222,440600,1624433,1183833
1223,362066,1697600,1335534
1224,385700,1629200,1243500
1225,609533,1630866,1021333
1226,572266,1632966,1060700
1227,484133,1903466,1419333
1228,330333,1803166,1472833
1229,392833,1785600,1392767
1230,465933,1655333,1189400
1231,342400,1624933,1282533
1232,431933,1893133,1461200
1233,454100,1710733,1256633
1234,401700,1767733,1366033
1235,476566,1774966,1298400
1236,488633,1848933,1360300
1237,608500,1811666,1203166
1238,445500,1814833,1369333
1239,363666,1617100,1253434
1240,535800,1853100,1317300
1241,512533,1919366,1406833
1242,371133,1600166,1229033
1243,442366,1609133,1166767
1244,470133,1887900,1417767
1245,397366,1779366,1382000
1246,340466,1613833,1273367
1247,378666,1665366,1286700
1248,496666,1712733,1216067
1249,370066,1698033,1327967
1250,404666,1745300,1340634
1251,510200,1700166,1189966
1252,361133,1857433,1496300
1253,425466,1774200,1348734
1254,485533,1853300,1367767
1255,454433,1871900,1417467
1256,590133,1871000,1280867
1257,496166,2008433,1512267
1258,678566,1925733,1247167
1259,512400,1742566,1230166
1260,352533,1739600,1387067
1261,421166,1752433,1331267
1262,483233,1763466,1280233
1263,357133,1668633,1311500
1264,601366,1922100,1320734
1265,676033,1885666,1209633
1266,367033,1743833,1376800
1267,632466,1919466,1287000
1268,582533,2027900,1445367
1269,574433,2131700,1557267
1270,693466,2242966,1549500
1271,567200,2052466,1485266
1272,602700,2158700,1556000
1273,574733,2344233,1769500
1274,735066,2352166,1617100
1275,748600,2396500,1647900
1276,455133,2024133,1569000
1277,734433,2315333,1580900
1278,618800,2262800,1644000
1279,739266,2115000,1375734
1280,757266,2292266,1535000
1281,727033,2335433,1608400
1282,665900,1991633,1325733
1283,433200,2058500,1625300
1284,447833,2072533,1624700
1285,398566,2066133,1667567
1286,579133,2196600,1617467
1287,667800,2262100,1594300
1288,770166,2490700,1720534
1289,689466,2364033,1674567
1290,711133,2268866,1557733
1291,769800,2292333,1522533
1292,1009033,2453800,1444767
1293,836266,2559833,1723567
1294,760233,2295300,1535067
1295,589400,2432633,1843233
1296,742966,2544766,1801800
1297,1115300,2649166,1533866
1298,819966,2868466,2048500
1299,816466,2649266,1832800
1300,776333,2383266,1606933
1301,770033,2431200,1661167
1302,725333,2436900,1711567
1303,883966,2356366,1472400
1304,461233,2592100,2130867
1305,1009500,2562366,1552866
1306,634533,2534133,1899600
1307,538533,2461566,1923033
1308,919433,2480866,1561433
1309,498066,2312833,1814767
1310,505333,2351300,1845967
1311,538300,2704266,2165966
1312,734400,2251866,1517466
1313,496666,2290366,1793700
1314,428366,2161066,1732700
1315,424533,2210666,1786133
1316,788200,2270733,1482533
1317,726866,2602866,1876000
1318,653233,2429866,1776633
1319,743266,2364100,1620834
1320,527233,2431800,1904567
1321,792933,2462366,1669433
1322,777000,3130433,2353433
1323,714000,2645733,1931733
1324,919866,2895366,1975500
1325,911233,2526333,1615100
1326,629600,2567633,1938033
1327,825733,3817800,2992067
1328,940800,2675800,1735000
1329,887000,2759466,1872466
1330,3008900,2738133,-270767
1331,973566,2731366,1757800
1332,1061466,2801533,1740067
1333,715833,2880500,2164667
1334,933000,3035533,2102533
1335,929500,2977066,2047566
1336,811533,2766300,1954767
1337,843200,3485433,2642233
1338,923333,3041266,2117933
1339,896266,3420533,2524267
1340,1276066,2973066,1697000
1341,1369000,2826366,1457366
1342,784266,2814200,2029934
1343,889666,2831433,1941767
1344,907200,2932600,2025400
1345,788533,2888000,2099467
1346,1087866,2919366,1831500
1347,836500,2855866,2019366
1348,784100,2818333,2034233
1349,876733,2812866,1936133
1350,790600,2671200,1880600
1351,735266,2632033,1896767
1352,851166,2814400,1963234
1353,817766,2776233,1958467
1354,662166,2469600,1807434
1355,813533,2492666,1679133
1356,515200,2431666,1916466
1357,490166,2661366,2171200
1358,826233,2705000,1878767
1359,712166,2466033,1753867
1360,469266,2333333,1864067
1361,523166,2444600,1921434
1362,603300,2724900,2121600
1363,615933,2453166,1837233
1364,477966,2359733,1881767
1365,898633,2378566,1479933
1366,735466,2361733,1626267
1367,469833,2223033,1753200
1368,579533,2226733,1647200
1369,590800,2224266,1633466
1370,499466,2358566,1859100
1371,694800,2535966,1841166
1372,733600,2329733,1596133
1373,557700,2737000,2179300
1374,868166,2604033,1735867
1375,460566,2524300,2063734
1376,612166,2504600,1892434
1377,655366,2381166,1725800
1378,690366,2528033,1837667
1379,954033,2647033,1693000
1380,607566,2519166,1911600
1381,809400,2765000,1955600
1382,532800,2555733,2022933
1383,756066,2426233,1670167
1384,773400,2485800,1712400
1385,678133,2658266,1980133
1386,504100,2769033,2264933
1387,467033,2559466,2092433
1388,526000,2505633,1979633
1389,522400,2421266,1898866
1390,478966,2566100,2087134
1391,893066,2447666,1554600
1392,544433,2383066,1838633
1393,710366,2529033,1818667
1394,869700,2676633,1806933
1395,719666,2549733,1830067
1396,698033,2910033,2212000
1397,712700,2551833,1839133
1398,835866,2672866,1837000
1399,784033,2572666,1788633
1400,478133,2541233,2063100
1401,472833,2525466,2052633
1402,687233,2445133,1757900
1403,796066,2576433,1780367
1404,1041133,2810066,1768933
1405,684833,2731466,2046633
1406,553733,2810200,2256467
1407,597733,2675133,2077400
1408,891966,2573933,1681967
1409,781200,2748266,1967066
1410,772266,2881200,2108934
1411,907866,2810633,1902767
1412,1080733,2827400,1746667
1413,598300,3042766,2444466
1414,803233,2750900,1947667
1415,898200,2965300,2067100
1416,1118300,3003566,1885266
1417,765500,2938233,2172733
1418,1078033,3440700,2362667
1419,901466,2964733,2063267
1420,1008100,3094166,2086066
1421,994400,3109433,2115033
1422,1385600,6099566,4713966
1423,1076600,4110866,3034266
1424,1064966,3289900,2224934
1425,1052000,9065600,8013600
1426,1123533,3303333,2179800
1427,976766,6288566,5311800
1428,988133,2956833,1968700
1429,2040300,2995400,955100
1430,1101400,3249000,2147600
1431,1211566,3080200,1868634
1432,1695333,3404533,1709200
1433,845700,2993466,2147766
1434,905000,2853300,1948300
1435,850166,3087366,2237200
1436,992400,3112833,2120433
1437,961533,2930533,1969000
1438,762033,2862000,2099967
1439,988500,3145800,2157300
1440,786300,3095400,2309100
1441,873700,2904900,2031200
1442,1000766,3116633,2115867
1443,688800,3023400,2334600
1444,707633,3248900,2541267
1445,691800,3063300,2371500
1446,594700,2954200,2359500
1447,749300,3038166,2288866
1448,916366,3083766,2167400
1449,928400,2847100,1918700
1450,864366,2986466,2122100
1451,599166,2953100,2353934
1452,992633,2950433,1957800
1453,633366,2842933,2209567
1454,999000,3379000,2380000
1455,879100,2937066,2057966
1456,568333,3007666,2439333
1457,911800,2859300,1947500
1458,892266,3058033,2165767
1459,1011600,3099533,2087933
1460,820533,3066966,2246433
1461,793233,3016400,2223167
1462,882766,3195333,2312567
1463,852200,3000033,2147833
1464,810933,2980133,2169200
1465,590933,3050833,2459900
1466,686866,3075000,2388134
1467,774733,2937133,2162400
1468,679033,3011933,2332900
1469,499066,2685133,2186067
1470,612566,2890900,2278334
1471,502533,2555866,2053333
1472,569333,2724166,2154833
1473,532533,2745066,2212533
1474,506200,2648233,2142033
1475,636100,2734633,2098533
1476,513566,2579266,2065700
1477,629066,2769766,2140700
1478,520466,2809733,2289267
1479,491366,2582300,2090934
1480,697366,2625266,1927900
1481,525066,2623000,2097934
1482,757733,2748266,1990533
1483,580233,2647533,2067300
1484,608166,2875300,2267134
1485,758566,2844433,2085867
1486,585400,2850766,2265366
1487,638500,2862366,2223866
1488,724866,3043166,2318300
1489,610800,3089500,2478700
1490,657733,3109700,2451967
1491,608533,3085600,2477067
1492,521333,2984166,2462833
1493,657133,2978633,2321500
1494,521700,2952266,2430566
1495,504900,2722933,2218033
1496,531533,2719533,2188000
1497,539800,2548033,2008233
1498,542500,2672833,2130333
1499,644166,2712366,2068200
1500,457266,2649200,2191934
1501,514733,2811166,2296433
1502,681833,2747433,2065600
1503,517700,2823800,2306100
1504,512333,2490866,1978533
1505,473766,2625266,2151500
1506,449733,2495433,2045700
1507,704200,2756300,2052100
1508,809533,2807333,1997800
1509,500300,2759400,2259100
1510,496733,2987633,2490900
1511,1066600,3116500,2049900
1512,826800,3140866,2314066
1513,865500,3042866,2177366
1514,593733,3117833,2524100
1515,600866,3112433,2511567
1516,757933,2781366,2023433
1517,553366,2779133,2225767
1518,483833,2696266,2212433
1519,534300,2787233,2252933
1520,564633,2834566,2269933
1521,505833,2701200,2195367
1522,671633,2707700,2036067
1523,920966,2751100,1830134
1524,546833,2796500,2249667
1525,644933,2795566,2150633
1526,536100,2804433,2268333
1527,487966,2669133,2181167
1528,558133,3042700,2484567
1529,549700,3185433,2635733
1530,746233,2964300,2218067
1531,884666,3139733,2255067
1532,942633,3633066,2690433
1533,843566,3063100,2219534
1534,870200,3262400,2392200
1535,962066,3478000,2515934
1536,608100,3327533,2719433
1537,715566,3084766,2369200
1538,636666,3398166,2761500
1539,650466,3052033,2401567
1540,593133,2986566,2393433
1541,905500,3153933,2248433
1542,859300,3072066,2212766
1543,660266,3058366,2398100
1544,710133,3309666,2599533
1545,908500,3238466,2329966
1546,701666,3132133,2430467
1547,591933,3201166,2609233
1548,519733,2785033,2265300
1549,514233,2763100,2248867
1550,555266,2895066,2339800
1551,488300,2713800,2225500
1552,540833,2952600,2411767
1553,564633,2881966,2317333
1554,483833,2691600,2207767
1555,533566,2886166,2352600
1556,496133,2887633,2391500
1557,480600,2673566,2192966
1558,467766,2856666,2388900
1559,508733,3107066,2598333
1560,469833,2650633,2180800
1561,461133,2690433,2229300
1562,747633,2878866,2131233
1563,572600,2674833,2102233
1564,582966,2717400,2134434
1565,751900,2912066,2160166
1566,605233,2756533,2151300
1567,455300,2904533,2449233
1568,507166,2836100,2328934
1569,524466,2769066,2244600
1570,588266,2720300,2132034
1571,684866,2671766,1986900
1572,464633,2636333,2171700
1573,572300,2881966,2309666
1574,498233,2955300,2457067
1575,482200,2657266,2175066
1576,940433,2911366,1970933
1577,494666,2791433,2296767
1578,605033,2761533,2156500
1579,749066,3052733,2303667
1580,524000,3062233,2538233
1581,474700,2773533,2298833
1582,701033,3414933,2713900
1583,525700,3068466,2542766
1584,751366,2921200,2169834
1585,494300,2690133,2195833
1586,532033,2867033,2335000
1587,532100,2979766,2447666
1588,715433,2981766,2266333
1589,533900,2979600,2445700
1590,605333,2967533,2362200
1591,475500,2717433,2241933
1592,504733,2746000,2241267
1593,538700,2882666,2343966
1594,600866,2642833,2041967
1595,502733,3038666,2535933
1596,532800,2739733,2206933
1597,672133,2719833,2047700
1598,508033,2673133,2165100
1599,612300,2664800,2052500
1600,755133,3016233,2261100
1601,486800,2758366,2271566
1602,614533,2753633,2139100
1603,602966,2778966,2176000
1604,700300,3016600,2316300
1605,580033,2823333,2243300
1606,465200,3013866,2548666
1607,618800,3065200,2446400
1608,467366,2789333,2321967
1609,617266,2811666,2194400
1610,628933,2774566,2145633
1611,535933,3032633,2496700
1612,466266,3141066,2674800
1613,609500,2795333,2185833
1614,549566,2931300,2381734
1615,470200,2938866,2468666
1616,576466,2914700,2338234
1617,623400,3110266,2486866
1618,643800,2944733,2300933
1619,659166,3084800,2425634
1620,468333,3172566,2704233
1621,665400,2972033,2306633
1622,737400,2902933,2165533
1623,504366,3247766,2743400
1624,702100,3063100,2361000
1625,552366,3166133,2613767
1626,541500,2826600,2285100
1627,477600,2942133,2464533
1628,552633,3046266,2493633
1629,525466,2800300,2274834
1630,480500,2842900,2362400
1631,536433,3211833,2675400
1632,556166,2987866,2431700
1633,720933,2905300,2184367
1634,508166,3125733,2617567
1635,627066,2984666,2357600
1636,631166,3041166,2410000
1637,524700,3323366,2798666
1638,552633,3222900,2670267
1639,496633,3186800,2690167
1640,518100,2950233,2432133
1641,497233,2967666,2470433
1642,541900,2919000,2377100
1643,522033,3200500,2678467
1644,485866,2838600,2352734
1645,654333,2949066,2294733
1646,642566,3010966,2368400
1647,640400,3234100,2593700
1648,629400,2945933,2316533
1649,534300,3108166,2573866
1650,699500,3191333,2491833
1651,497966,3065833,2567867
1652,542566,2888000,2345434
1653,563533,3087333,2523800
1654,484000,2898700,2414700
1655,560966,3097466,2536500
1656,506500,3079166,2572666
1657,862400,3106000,2243600
1658,638400,3080633,2442233
1659,507600,2938433,2430833
1660,525400,2896533,2371133
1661,698833,3210166,2511333
1662,581866,3217133,2635267
1663,662333,2907400,2245067
1664,579166,2965500,2386334
1665,479566,2912900,2433334
1666,784333,3182266,2397933
1667,659900,3359800,2699900
1668,576200,3409100,2832900
1669,589700,3078400,2488700
1670,676933,3153400,2476467
1671,487133,3107733,2620600
1672,682300,3123066,2440766
1673,526000,3576966,3050966
1674,614500,3269566,2655066
1675,648000,3023766,2375766
1676,614500,3289300,2674800
1677,654300,3034166,2379866
1678,805666,3371566,2565900
1679,718366,3521666,2803300
1680,564866,3131000,2566134
1681,776000,3100866,2324866
1682,627700,3237000,2609300
1683,589233,3303600,2714367
1684,486733,3164266,2677533
1685,663733,3416766,2753033
1686,581766,3110566,2528800
1687,670433,3194233,2523800
1688,721333,3293466,2572133
1689,604100,3179800,2575700
1690,490833,3140300,2649467
1691,561800,3392400,2830600
1692,570866,3112566,2541700
1693,638066,3289700,2651634
1694,739333,3283133,2543800
1695,652666,3075166,2422500
1696,656133,3462733,2806600
1697,543233,3208533,2665300
1698,577400,3203866,2626466
1699,667366,3210666,2543300
1700,538966,3101333,2562367
1701,579633,3125500,2545867
1702,714800,3268533,2553733
1703,720666,3210866,2490200
1704,517800,3365966,2848166
1705,803800,3337933,2534133
1706,594100,3160000,2565900
1707,630866,3373033,2742167
1708,505133,3288833,2783700
1709,582400,3093433,2511033
1710,493733,3277133,2783400
1711,572400,3204266,2631866
1712,680766,3088000,2407234
1713,625766,3375766,2750000
1714,651800,3293166,2641366
1715,702100,3440800,2738700
1716,724100,3329233,2605133
1717,666600,3237333,2570733
1718,500800,3069900,2569100
1719,742366,3118933,2376567
1720,766533,3529366,2762833
1721,534433,3520966,2986533
1722,528933,3318166,2789233
1723,801166,3359733,2558567
1724,577433,3162200,2584767
1725,601833,3447466,2845633
1726,596966,3260700,2663734
1727,627900,3337666,2709766
1728,507833,3147800,2639967
1729,746833,3653800,2906967
1730,586600,3310933,2724333
1731,508900,3354800,2845900
1732,780566,3255733,2475167
1733,653600,3341566,2687966
1734,515966,3263866,2747900
1735,673966,3341000,2667034
1736,619300,3355266,2735966
1737,521133,3238366,2717233
1738,522666,3444266,2921600
1739,602866,3295300,2692434
1740,523966,3252200,2728234
1741,520133,3293166,2773033
1742,630133,3319400,2689267
1743,515300,3387666,2872366
1744,795233,3602733,2807500
1745,562100,3317733,2755633
1746,516100,3437666,2921566
1747,770066,3427733,2657667
1748,788133,3458833,2670700
1749,596233,3408500,2812267
1750,759433,3555733,2796300
1751,804366,4055100,3250734
1752,636900,3563833,2926933
1753,555800,3668633,3112833
1754,837600,3543233,2705633
1755,566666,3513866,2947200
1756,761433,3506900,2745467
1757,899933,3739066,2839133
1758,660366,3570166,2909800
1759,786800,3753400,2966600
1760,841466,3439933,2598467
1761,771900,3522800,2750900
1762,570900,3748200,3177300
1763,800500,3953633,3153133
1764,576800,3630866,3054066
1765,651266,3610433,2959167
1766,865733,3485466,2619733
1767,549066,3810666,3261600
1768,853533,3796966,2943433
1769,822700,3925266,3102566
1770,561866,3566066,3004200
1771,910300,3793800,2883500
1772,733566,3686833,2953267
1773,677733,3589066,2911333
1774,887200,3607000,2719800
1775,877033,3737800,2860767
1776,837833,3555700,2717867
1777,715433,3538800,2823367
1778,845833,3447200,2601367
1779,573266,3488400,2915134
1780,570266,3807600,3237334
1781,586233,3758133,3171900
1782,563200,3614333,3051133
1783,753600,3553900,2800300
1784,657700,3529433,2871733
1785,619366,3567766,2948400
1786,799166,3690800,2891634
1787,733733,3652366,2918633
1788,545333,3365733,2820400
1789,675000,3514133,2839133
1790,681500,3914000,3232500
1791,709533,3579266,2869733
1792,809966,3767300,2957334
1793,595833,3771833,3176000
1794,686733,3573666,2886933
1795,553400,3535800,2982400
1796,701400,3483300,2781900
1797,636733,3367600,2730867
1798,554866,3563800,3008934
1799,606166,3688466,3082300
1800,570600,3434233,2863633
1801,789266,3704100,2914834
1802,690033,3627100,2937067
1803,536400,3635533,3099133
1804,876800,3695000,2818200
1805,615233,3826000,3210767
1806,550566,3458866,2908300
1807,912833,3750200,2837367
1808,755033,3673633,2918600
1809,558700,3703533,3144833
1810,558000,3677300,3119300
1811,668266,3853933,3185667
1812,565300,3481833,2916533
1813,712366,3576400,2864034
1814,556100,3435833,2879733
1815,847766,3478300,2630534
1816,814900,3797266,2982366
1817,625400,3672800,3047400
1818,812400,4077433,3265033
1819,687533,3857100,3169567
1820,723700,4014466,3290766
1821,831433,4075766,3244333
1822,587800,3666333,3078533
1823,615233,3528300,2913067
1824,641066,3827066,3186000
1825,552600,3700566,3147966
1826,660266,3589366,2929100
1827,543266,3535866,2992600
1828,799500,3869233,3069733
1829,649500,3783700,3134200
1830,626633,3895900,3269267
1831,546266,3803166,3256900
1832,610400,3542666,2932266
1833,579833,3573566,2993733
1834,786466,3816966,3030500
1835,632066,3657266,3025200
1836,571633,3698966,3127333
1837,940533,3695333,2754800
1838,678500,3780700,3102200
1839,558066,3566966,3008900
1840,822833,3888400,3065567
1841,736333,3700833,2964500
1842,575200,3696733,3121533
1843,706733,3749400,3042667
1844,689733,3778466,3088733
1845,561666,3628100,3066434
1846,813933,3920533,3106600
1847,612766,3774300,3161534
1848,594266,3765566,3171300
1849,681533,3706966,3025433
1850,617766,3721900,3104134
1851,574166,3775933,3201767
1852,803500,3921666,3118166
1853,593300,3648666,3055366
1854,563166,3710166,3147000
1855,609400,3745166,3135766
1856,646533,3773366,3126833
1857,565733,3787266,3221533
1858,575966,3735666,3159700
1859,599100,3758966,3159866
1860,574900,3726666,3151766
1861,802000,3917266,3115266
1862,623633,3820333,3196700
1863,561733,3894766,3333033
1864,714700,3709500,2994800
1865,617433,4029766,3412333
1866,628366,3782733,3154367
1867,576333,3841733,3265400
1868,602900,3746233,3143333
1869,580566,3923133,3342567
1870,801633,3798800,2997167
1871,748700,4048000,3299300
1872,629800,3775266,3145466
1873,590800,3867233,3276433
1874,744233,3887300,3143067
1875,573366,3789500,3216134
1876,844833,3989333,3144500
1877,623533,3835333,3211800
1878,664066,3814066,3150000
1879,790500,3962333,3171833
1880,626466,3901366,3274900
1881,567033,3771800,3204767
1882,857600,4026466,3168866
1883,596866,3773166,3176300
1884,588333,3866866,3278533
1885,705733,3661900,2956167
1886,827766,3812866,2985100
1887,626300,3866733,3240433
1888,717300,3939566,3222266
1889,624566,3854466,3229900
1890,578033,3933200,3355167
1891,759100,3927733,3168633
1892,629400,3864500,3235100
1893,588000,3814366,3226366
1894,826533,4083533,3257000
1895,694366,3995300,3300934
1896,575733,3768400,3192667
1897,589966,3985433,3395467
1898,648333,3974833,3326500
1899,811800,3963633,3151833
1900,846433,4232100,3385667
1901,747333,3895133,3147800
1902,580666,3868200,3287534
1903,851533,4058366,3206833
1904,632866,3845266,3212400
1905,592433,3885300,3292867
1906,796666,3847066,3050400
1907,610966,3937200,3326234
1908,580900,3924133,3343233
1909,867800,4215466,3347666
1910,646633,3859133,3212500
1911,577033,3956433,3379400
1912,772333,4073066,3300733
1913,619300,3942066,3322766
1914,574933,3897400,3322467
1915,593733,3840800,3247067
1916,736366,4033433,3297067
1917,592233,3983100,3390867
1918,705700,4027766,3322066
1919,694333,3904833,3210500
1920,606500,3896366,3289866
1921,1017600,4164866,3147266
1922,734900,4065800,3330900
1923,603600,3868666,3265066
1924,890466,4251300,3360834
1925,677633,4128333,3450700
1926,596933,4172266,3575333
1927,831466,4087600,3256134
1928,655600,4021800,3366200
1929,677633,4083733,3406100
1930,807066,4171433,3364367
1931,678833,4090200,3411367
1932,601400,3997300,3395900
1933,783033,4079333,3296300
1934,791500,4213766,3422266
1935,653600,4090600,3437000
1936,808200,4266366,3458166
1937,749700,4295533,3545833
1938,600666,4152333,3551667
1939,853833,4018433,3164600
1940,664033,4051633,3387600
1941,636700,4059866,3423166
1942,797866,4266600,3468734
1943,671366,4203600,3532234
1944,611866,4027500,3415634
1945,633233,4126000,3492767
1946,664333,4096633,3432300
1947,625866,4176900,3551034
1948,748733,4239766,3491033
1949,650833,4066133,3415300
1950,624300,4251066,3626766
1951,799300,4145666,3346366
1952,859400,4139533,3280133
1953,614200,4020666,3406466
1954,789166,4166066,3376900
1955,884800,4028400,3143600
1956,632333,4089800,3457467
1957,640500,4404500,3764000
1958,782833,4158900,3376067
1959,619933,4106000,3486067
1960,697000,4495433,3798433
1961,658100,4135666,3477566
1962,613366,4242966,3629600
1963,613266,4215933,3602667
1964,683966,4159366,3475400
1965,624433,4219566,3595133
1966,783766,4306666,3522900
1967,729133,4185000,3455867
1968,629800,4278233,3648433
1969,782900,4431433,3648533
1970,693400,4195533,3502133
1971,649666,4207766,3558100
1972,643666,4187366,3543700
1973,669766,4483866,3814100
1974,629166,4567866,3938700
1975,993600,4285166,3291566
1976,641533,4355766,3714233
1977,720900,4263633,3542733
1978,641666,4423900,3782234
1979,746100,4237300,3491200
1980,741700,4259866,3518166
1981,816566,4329133,3512567
1982,655866,4270233,3614367
1983,637633,4248233,3610600
1984,896866,4536833,3639967
1985,723000,4353666,3630666
1986,632600,4179600,3547000
1987,635333,4137833,3502500
1988,671900,4285866,3613966
1989,626133,4514900,3888767
1990,728066,4345466,3617400
1991,759733,4307766,3548033
1992,975766,4313733,3337967
1993,821400,4229500,3408100
1994,692400,4376333,3683933
1995,711066,4618866,3907800
1996,903733,4476633,3572900
1997,734366,4572133,3837767
1998,733800,4459000,3725200
1999,647866,4490200,3842334
2000,811266,4354500,3543234
2001,638533,4435100,3796567
2002,791366,4635166,3843800
2003,710400,4616466,3906066
2004,651733,4285600,3633867
2005,683166,4408633,3725467
2006,665400,4318600,3653200
2007,620366,4395100,3774734
2008,850433,4548433,3698000
2009,785766,4742600,3956834
2010,683166,4323433,3640267
2011,838866,4524133,3685267
2012,695333,4367333,3672000
2013,647300,4264833,3617533
2014,764000,4663733,3899733
2015,750966,4608766,3857800
2016,627000,4333833,3706833
2017,688900,4674600,3985700
2018,1201966,4498100,3296134
2019,881533,4819666,3938133
2020,1030866,4917366,3886500
2021,781533,4839266,4057733
2022,1114800,4856166,3741366
2023,866400,4655233,3788833
2024,835433,4473833,3638400
2025,654933,4318533,3663600
2026,835900,4529300,3693400
2027,744333,4801833,4057500
2028,656533,4492466,3835933
2029,802233,4741533,3939300
2030,696400,4482966,3786566
2031,644033,4749100,4105067
2032,710700,4826866,4116166
2033,665466,4782200,4116734
2034,639733,4590633,3950900
2035,742400,4721500,3979100
2036,854700,4577233,3722533
2037,658933,4714533,4055600
2038,737533,4740866,4003333
2039,654233,4628533,3974300
2040,658733,4848966,4190233
2041,815066,4693200,3878134
2042,785966,4536266,3750300
2043,730400,4752866,4022466
2044,693800,4711833,4018033
2045,846433,4736400,3889967
2046,651033,4884833,4233800
2047,734866,4740733,4005867
2048,674466,4504466,3830000
2049,695466,5233833,4538367
2050,991766,4863400,3871634
2051,1233700,5267333,4033633
2052,1046466,5228466,4182000
2053,1140533,5299433,4158900
2054,1211366,5241333,4029967
2055,1189733,5510200,4320467
2056,1258033,5475666,4217633
2057,1347866,5255666,3907800
2058,1177200,5267200,4090000
2059,1184400,5197100,4012700
2060,1003366,5203333,4199967
2061,1191966,5101833,3909867
2062,1179166,5308833,4129667
2063,1295466,5259200,3963734
2064,897333,5228200,4330867
2065,1274800,5429733,4154933
2066,1208433,5097233,3888800
2067,885300,5290766,4405466
2068,1183833,5219400,4035567
2069,940300,4897666,3957366
2070,790300,5013800,4223500
2071,791400,4961933,4170533
2072,796166,5004266,4208100
2073,773733,5389366,4615633
2074,759533,5024666,4265133
2075,890866,5008933,4118067
2076,877633,4854700,3977067
2077,961766,4925600,3963834
2078,703566,4963933,4260367
2079,707500,4979666,4272166
2080,908166,5079400,4171234
2081,963400,5101066,4137666
2082,703700,4947600,4243900
2083,773166,5195933,4422767
2084,861300,4838833,3977533
2085,886900,5027400,4140500
2086,1120466,5105933,3985467
2087,755966,4762733,4006767
2088,827200,4947033,4119833
2089,756766,5025633,4268867
2090,895533,4834133,3938600
2091,1064933,4970066,3905133
2092,850566,5066000,4215434
2093,803533,5195266,4391733
2094,801733,4740400,3938667
2095,1126033,4733700,3607667
2096,815133,4922166,4107033
2097,775133,4726266,3951133
2098,696500,4863900,4167400
2099,858400,4783900,3925500
2100,747366,5009100,4261734
2101,785866,4763066,3977200
2102,801500,4929800,4128300
2103,818200,4684633,3866433
2104,720333,4890066,4169733
2105,733166,4883066,4149900
2106,730333,4802900,4072567
2107,1002833,5189466,4186633
2108,916833,5089866,4173033
2109,687466,4871600,4184134
2110,828233,5111333,4283100
2111,954400,4948766,3994366
2112,703466,4896400,4192934
2113,859033,4899400,4040367
2114,896266,5001700,4105434
2115,745200,5082000,4336800
2116,842966,4879566,4036600
2117,758033,4943366,4185333
2118,746800,4855066,4108266
2119,786166,5048333,4262167
2120,775833,5006600,4230767
2121,722866,4877200,4154334
2122,756466,5164900,4408434
2123,742633,4987066,4244433
2124,698300,4759466,4061166
2125,878300,5210566,4332266
2126,780633,4918500,4137867
2127,798033,4938066,4140033
2128,782066,4968066,4186000
2129,739000,4952966,4213966
2130,689000,4927800,4238800
2131,834966,5135833,4300867
2132,789033,4923233,4134200
2133,739633,4940400,4200767
2134,762666,5167066,4404400
2135,764433,4994100,4229667
2136,752900,5002666,4249766
2137,1108266,5150766,4042500
2138,872566,5194966,4322400
2139,695433,4827600,4132167
2140,704500,4971400,4266900
2141,770533,5245366,4474833
2142,700966,4865200,4164234
2143,890033,5170566,4280533
2144,773700,4998300,4224600
2145,710366,4884366,4174000
2146,757500,5080700,4323200
2147,814000,5307000,4493000
2148,704300,5098366,4394066
2149,784500,4949366,4164866
2150,774033,5082733,4308700
2151,701400,5079000,4377600
2152,836700,5074066,4237366
2153,805466,5073500,4268034
2154,780566,4904866,4124300
2155,840700,5021833,4181133
2156,879800,5121366,4241566
2157,739200,5045566,4306366
2158,706800,5072433,4365633
2159,885700,5259500,4373800
2160,709433,5063400,4353967
2161,744800,5074166,4329366
2162,846300,5419000,4572700
2163,764233,5536566,4772333
2164,790866,5467233,4676367
2165,785000,5396133,4611133
2166,778766,5372566,4593800
2167,989466,5725833,4736367
2168,1164400,5474800,4310400
2169,836266,5398733,4562467
2170,860200,5101500,4241300
2171,787600,5282833,4495233
2172,849566,5293366,4443800
2173,746333,5365666,4619333
2174,780966,5389766,4608800
2175,743433,5492466,4749033
2176,875400,5372433,4497033
2177,790300,5332600,4542300
2178,769500,5180000,4410500
2179,816900,5472100,4655200
2180,829366,5424633,4595267
2181,731600,5359700,4628100
2182,840766,5469266,4628500
2183,796033,5536066,4740033
2184,747666,5374033,4626367
2185,747433,5543900,4796467
2186,944766,5364933,4420167
2187,717200,5383500,4666300
2188,1069700,5996733,4927033
2189,806100,5584633,4778533
2190,746766,5376533,4629767
2191,926166,5569266,4643100
2192,821600,5333366,4511766
2193,840333,5443466,4603133
2194,949866,5596833,4646967
2195,822166,5471100,4648934
2196,771266,5404933,4633667
2197,973100,5472400,4499300
2198,822666,5462466,4639800
2199,712133,5438333,4726200
2200,975166,5598733,4623567
2201,811300,5678800,4867500
2202,827600,5391266,4563666
2203,826933,5596966,4770033
2204,817766,5705600,4887834
2205,804566,5458233,4653667
2206,952533,5741966,4789433
2207,813166,5587300,4774134
2208,771866,5520633,4748767
2209,741433,5499300,4757867
2210,791100,5472766,4681666
2211,721366,5450233,4728867
2212,893600,5859833,4966233
2213,838233,5588300,4750067
2214,804066,5558800,4754734
2215,904666,5341966,4437300
2216,749633,5416766,4667133
2217,903233,5455366,4552133
2218,766200,5377666,4611466
2219,869433,5922800,5053367
2220,1030233,5665300,4635067
2221,873466,5258966,4385500
2222,1012466,5353200,4340734
2223,728300,5605566,4877266
2224,812000,5762400,4950400
2225,805733,6040933,5235200
2226,1343500,5989400,4645900
2227,1029100,6020033,4990933
2228,1283666,6162533,4878867
2229,754533,5299166,4544633
2230,819833,5506700,4686867
2231,856200,5872533,5016333
2232,1338700,5814900,4476200
2233,1092933,6279733,5186800
2234,940200,5638866,4698666
2235,1043133,5870133,4827000
2236,805433,5818666,5013233
2237,840800,5565266,4724466
2238,731166,5345133,4613967
2239,732933,5630400,4897467
2240,825200,5495133,4669933
2241,736133,5500433,4764300
2242,973133,5682066,4708933
2243,826900,5615633,4788733
2244,916700,5521033,4604333
2245,866866,5805100,4938234
2246,833700,5386866,4553166
2247,849366,5692466,4843100
2248,1037033,5950266,4913233
2249,838633,5495933,4657300
2250,805233,5571200,4765967
2251,905866,5482333,4576467
2252,824733,5607433,4782700
2253,745400,5660200,4914800
2254,757166,5596900,4839734
2255,819533,5642600,4823067
2256,878333,5632233,4753900
2257,824866,5869833,5044967
2258,875466,5523666,4648200
2259,889900,5488233,4598333
2260,745700,5550266,4804566
2261,1293033,6092500,4799467
2262,1379800,6323833,4944033
2263,1459533,6339900,4880367
2264,1358166,5697600,4339434
2265,1060033,5751766,4691733
2266,829900,5926366,5096466
2267,957166,6005966,5048800
2268,877366,5794333,4916967
2269,919266,5657333,4738067
2270,830733,5628033,4797300
2271,809033,5632800,4823767
2272,859000,5784500,4925500
2273,830433,5961566,5131133
2274,769966,5553066,4783100
2275,879933,6024566,5144633
2276,841300,5846800,5005500
2277,1028400,6351700,5323300
2278,1157366,6513100,5355734
2279,1383533,6290166,4906633
2280,1479100,6319666,4840566
2281,1251100,6413733,5162633
2282,1344800,6607166,5262366
2283,1153233,6594633,5441400
2284,1116066,6353033,5236967
2285,1181300,6553766,5372466
2286,1072500,6317133,5244633
2287,1255433,6588933,5333500
2288,1193933,6512000,5318067
2289,1270200,6791866,5521666
2290,1224400,6953833,5729433
2291,1155966,6473233,5317267
2292,992233,6465200,5472967
2293,1424800,6447066,5022266
2294,1322200,6503533,5181333
2295,7115466,6949100,-166366
2296,2333433,6743266,4409833
2297,1615266,7310033,5694767
2298,1522100,6771866,5249766
2299,1611933,6917266,5305333
2300,1191766,6570566,5378800
2301,1185566,6293000,5107434
2302,1152500,6608233,5455733
2303,1080900,6483033,5402133
2304,1626600,6492800,4866200
2305,1324066,6704700,5380634
2306,1284266,6532866,5248600
2307,1160966,6618066,5457100
2308,1109166,6382200,5273034
2309,1113533,6526833,5413300
2310,1231166,6634466,5403300
2311,1139566,6624366,5484800
2312,1281100,6549666,5268566
2313,1222466,6671766,5449300
2314,1191600,6704533,5512933
2315,1204200,6523033,5318833
2316,1248366,6701900,5453534
2317,1210633,6633433,5422800
2318,1095300,6494833,5399533
2319,1362133,6669266,5307133
2320,1312000,6594333,5282333
2321,1184866,6887100,5702234
2322,1080100,6858300,5778200
2323,1403533,6662333,5258800
2324,1157633,6785366,5627733
2325,1281533,6786666,5505133
2326,1163333,6852133,5688800
2327,1404900,6961200,5556300
2328,1088800,6920533,5831733
2329,1191533,7428833,6237300
2330,1180366,7084566,5904200
2331,1206966,6861366,5654400
2332,1145433,7053633,5908200
2333,1315733,6831900,5516167
2334,1018666,6783400,5764734
2335,1150933,7055533,5904600
2336,1250500,6969933,5719433
2337,1187933,6966666,5778733
2338,1512133,6877333,5365200
2339,1290666,7653166,6362500
2340,1135566,7035566,5900000
2341,1230700,6872866,5642166
2342,1250066,6999633,5749567
2343,1029933,6918266,5888333
2344,1347000,7133733,5786733
2345,1242266,7061866,5819600
2346,1604533,6945133,5340600
2347,1320900,7097233,5776333
2348,1236466,7002200,5765734
2349,1243733,7196033,5952300
2350,1301800,7458200,6156400
2351,1280266,7297533,6017267
2352,1339433,7497200,6157767
2353,1461000,7275066,5814066
2354,1170333,7041533,5871200
2355,1259733,6979033,5719300
2356,1263533,7160400,5896867
2357,1131466,7220800,6089334
2358,1381866,7346066,5964200
2359,1155866,7353666,6197800
2360,1237000,7493866,6256866
2361,1359633,7182633,5823000
2362,1269100,7277666,6008566
2363,1267766,7555133,6287367
2364,1405900,7055500,5649600
2365,1187433,7259100,6071667
2366,1442000,7204933,5762933
2367,1173200,7184466,6011266
2368,1292966,7360033,6067067
2369,1256400,7331200,6074800
2370,1406600,7350533,5943933
2371,1391633,7604133,6212500
2372,1168533,7485500,6316967
2373,1151566,7194533,6042967
2374,1521400,7367033,5845633
2375,1388700,7183400,5794700
2376,1536500,7211333,5674833
2377,1416900,7311366,5894466
2378,1617733,7245133,5627400
2379,1156566,7253933,6097367
2380,1162633,7429733,6267100
2381,1181566,7469066,6287500
2382,1126433,7409666,6283233
2383,1147533,7315466,6167933
2384,1290300,7238066,5947766
2385,1308066,7450166,6142100
2386,1218700,7519533,6300833
2387,1360600,7309866,5949266
2388,1199833,7911233,6711400
2389,1223666,7592500,6368834
2390,1130700,7115400,5984700
2391,1546766,7154566,5607800
2392,1376966,7389533,6012567
2393,1354100,7290300,5936200
2394,1237400,7404866,6167466
2395,1263666,7367333,6103667
2396,1242000,7389466,6147466
2397,1392566,7426633,6034067
2398,1358100,7590866,6232766
2399,1457100,7598033,6140933
2400,1398233,7529400,6131167
2401,1388933,7659666,6270733
2402,1594400,7498466,5904066
2403,1434000,7861400,6427400
2404,1277600,7661366,6383766
2405,1241500,7971300,6729800
2406,1393300,7843133,6449833
2407,1577700,7467800,5890100
2408,1301933,7570766,6268833
2409,1250866,7455066,6204200
2410,1268900,7363866,6094966
2411,1241366,7449033,6207667
2412,1255066,7867533,6612467
2413,1234633,7492866,6258233
2414,1373933,7715066,6341133
2415,1216466,7429766,6213300
2416,1320300,7554766,6234466
2417,1372966,7782066,6409100
2418,1258733,7494100,6235367
2419,1116066,7739466,6623400
2420,1229633,7625900,6396267
2421,1255500,7532800,6277300
2422,1200300,7642766,6442466
2423,1411800,7489633,6077833
2424,1259000,7505533,6246533
2425,1074166,7733900,6659734
2426,1188533,7547466,6358933
2427,1429800,7485533,6055733
2428,1349033,7789966,6440933
2429,1434700,7476500,6041800
2430,1213166,7603866,6390700
2431,1323033,7686600,6363567
2432,1324033,7632666,6308633
2433,1004000,7939133,6935133
2434,1255000,7905166,6650166
2435,1435233,8294600,6859367
2436,1086133,7717000,6630867
2437,1478400,7813700,6335300
2438,1409166,7780033,6370867
2439,1310533,7880200,6569667
2440,1394800,7646800,6252000
2441,1115266,7570500,6455234
2442,1150300,7618166,6467866
2443,971366,7270800,6299434
2444,877133,6934533,6057400
2445,890933,6451233,5560300
2446,1014233,6593200,5578967
2447,897500,6880400,5982900
2448,828300,6531266,5702966
2449,979533,6831433,5851900
2450,914866,6717733,5802867
2451,917266,6549800,5632534
2452,844133,6626400,5782267
2453,943000,6739366,5796366
2454,937500,6538300,5600800
2455,963700,6751733,5788033
2456,1170100,6873766,5703666
2457,952033,6748466,5796433
2458,1173966,6997533,5823567
2459,903033,6757866,5854833
2460,1023733,6489600,5465867
2461,910133,6724800,5814667
2462,900833,6505666,5604833
2463,822466,6473466,5651000
2464,844200,6777533,5933333
2465,921833,7036333,6114500
2466,870066,6571300,5701234
2467,844966,6643066,5798100
2468,941933,7025033,6083100
2469,934166,6489433,5555267
2470,832933,6681433,5848500
2471,918766,7151666,6232900
2472,980233,6561333,5581100
2473,877066,6807400,5930334
2474,967466,6602233,5634767
2475,829366,6615700,5786334
2476,1089166,6768033,5678867
2477,971600,7125533,6153933
2478,825766,6600166,5774400
2479,834166,6734300,5900134
2480,902600,6579500,5676900
2481,833866,6524300,5690434
2482,1105933,6831933,5726000
2483,919400,6698866,5779466
2484,826166,6517933,5691767
2485,860200,6763000,5902800
2486,914866,6661033,5746167
2487,885000,6729633,5844633
2488,873666,6913366,6039700
2489,929133,6736266,5807133
2490,831566,6757433,5925867
2491,870000,6739133,5869133
2492,919166,6809166,5890000
2493,850733,6709733,5859000
2494,940433,6907933,5967500
2495,904433,7264766,6360333
2496,870100,6795333,5925233
2497,1060400,6837466,5777066
2498,943400,6968800,6025400
2499,969100,6883000,5913900
2500,1030866,6813433,5782567
2501,951700,7231700,6280000
2502,836200,6632433,5796233
2503,1005466,6681433,5675967
2504,972000,7117966,6145966
2505,926933,6709566,5782633
2506,846433,6775100,5928667
2507,915733,6932466,6016733
2508,834600,6749033,5914433
2509,1050566,6942033,5891467
2510,939200,6772200,5833000
2511,940533,6967266,6026733
2512,1015566,7010300,5994734
2513,945133,7063933,6118800
2514,849800,6795066,5945266
2515,1125133,7195333,6070200
2516,948566,6986433,6037867
2517,891733,7253000,6361267
2518,1003100,6943766,5940666
2519,992466,7354566,6362100
2520,846066,6727066,5881000
2521,870433,7106300,6235867
2522,933166,6871700,5938534
2523,852633,6750333,5897700
2524,1151433,6978166,5826733
2525,927666,7315733,6388067
2526,855666,6809266,5953600
2527,877933,6906733,6028800
2528,937366,6920766,5983400
2529,1032300,7008000,5975700
2530,1070666,6955033,5884367
2531,924633,6991800,6067167
2532,856100,6809566,5953466
2533,877766,6991566,6113800
2534,982266,7029066,6046800
2535,914900,7049533,6134633
2536,866666,7032933,6166267
2537,1231733,7327733,6096000
2538,851366,7005666,6154300
2539,965600,7073066,6107466
2540,980733,7089966,6109233
2541,899366,6940566,6041200
2542,1089000,7126000,6037000
2543,953733,7465200,6511467
2544,868533,7169533,6301000
2545,936533,7093300,6156767
2546,908300,7056000,6147700
2547,857066,7116733,6259667
2548,1152300,7078066,5925766
2549,944133,7491600,6547467
2550,866166,6882366,6016200
2551,1005233,7164100,6158867
2552,967433,7148533,6181100
2553,868466,7192166,6323700
2554,1032000,7232566,6200566
2555,998266,7341800,6343534
2556,881433,7107733,6226300
2557,1151633,7439100,6287467
2558,945266,7135433,6190167
2559,868833,7071866,6203033
2560,889566,7384566,6495000
2561,981600,7555500,6573900
2562,916000,6992366,6076366
2563,1147866,7310400,6162534
2564,964233,7093633,6129400
2565,886200,7122133,6235933
2566,1053133,7272400,6219267
2567,984266,7311900,6327634
2568,943800,7234566,6290766
2569,936000,7336600,6400600
2570,1041200,7301900,6260700
2571,882300,7158433,6276133
2572,917766,7523966,6606200
2573,957566,7484933,6527367
2574,875300,7396366,6521066
2575,1177700,7383833,6206133
2576,992866,7482166,6489300
2577,885233,7380333,6495100
2578,889766,7292300,6402534
2579,893033,7453166,6560133
2580,897033,7245966,6348933
2581,926766,7189300,6262534
2582,959800,7613900,6654100
2583,909600,7251533,6341933
2584,906200,7153066,6246866
2585,1021700,7373500,6351800
2586,893033,7212866,6319833
2587,1112200,7434333,6322133
2588,1018200,7483766,6465566
2589,923366,7492266,6568900
2590,903066,7373866,6470800
2591,972600,7694833,6722233
2592,1029700,7279300,6249600
2593,950533,7521466,6570933
2594,1046500,7591433,6544933
2595,1016000,7265233,6249233
2596,1054766,7410266,6355500
2597,1000033,7736800,6736767
2598,909300,7336433,6427133
2599,962400,7551433,6589033
2600,1063600,7335100,6271500
2601,938166,7358366,6420200
2602,907000,7508033,6601033
2603,1003266,7721200,6717934
2604,988600,7263133,6274533
2605,948700,7552166,6603466
2606,931900,7301133,6369233
2607,960266,7615000,6654734
2608,1289733,7427600,6137867
2609,1011066,7739033,6727967
2610,1045666,7562533,6516867
2611,958333,7351100,6392767
2612,976333,7411500,6435167
2613,954500,7248700,6294200
2614,945533,7645900,6700367
2615,1070733,7442700,6371967
2616,892433,7352866,6460433
2617,1126700,7418133,6291433
2618,989233,7649000,6659767
2619,927133,7509266,6582133
2620,1070266,7561000,6490734
2621,1032166,7782133,6749967
2622,927600,7597000,6669400
2623,984900,7423266,6438366
2624,1069500,7650533,6581033
2625,895600,7407666,6512066
2626,916366,7764133,6847767
2627,957400,7764933,6807533
2628,899233,7370500,6471267
2629,1053633,7500900,6447267
2630,1007900,7723733,6715833
2631,922000,7526566,6604566
2632,1152933,7643533,6490600
2633,972900,7849133,6876233
2634,909166,7374800,6465634
2635,964933,7780133,6815200
2636,1080200,7673600,6593400
2637,927733,7492933,6565200
2638,1191400,7772033,6580633
2639,972733,7911766,6939033
2640,898600,7415133,6516533
2641,1106233,7628200,6521967
2642,998700,7769700,6771000
2643,919066,7681766,6762700
2644,933166,7518366,6585200
2645,1008133,8066966,7058833
2646,1134266,7615233,6480967
2647,1177900,7737300,6559400
2648,1034566,7804933,6770367
2649,1025700,7745533,6719833
2650,924066,7802833,6878767
2651,985433,7851233,6865800
2652,1044433,7661100,6616667
2653,917500,7663000,6745500
2654,991566,7877533,6885967
2655,913633,7596900,6683267
2656,943533,7735800,6792267
2657,963866,8040600,7076734
2658,1125800,7852666,6726866
2659,923333,7718933,6795600
2660,998500,7653833,6655333
2661,1024500,7846900,6822400
2662,960600,7755800,6795200
2663,1012300,7698633,6686333
2664,932100,7503933,6571833
2665,1029533,7717100,6687567
2666,1020133,8160466,7140333
2667,1131700,7748433,6616733
2668,1067466,7964333,6896867
2669,994600,8342666,7348066
2670,991566,8378000,7386434
2671,1002666,8241166,7238500
2672,985700,7772933,6787233
2673,938133,7693633,6755500
2674,950766,8393133,7442367
2675,1124533,7913200,6788667
2676,920866,7679433,6758567
2677,1028800,8090066,7061266
2678,1005766,7724366,6718600
2679,974500,7687133,6712633
2680,1095200,7820100,6724900
2681,1022433,8932466,7910033
2682,1121266,8177400,7056134
2683,1051833,8716566,7664733
2684,967333,8000900,7033567
2685,1046366,8050100,7003734
2686,1021766,8503066,7481300
2687,1036200,8761500,7725300
2688,1013766,7971400,6957634
2689,1106700,8185466,7078766
2690,1025466,8263133,7237667
2691,983633,7822766,6839133
2692,1018266,8324833,7306567
2693,975666,8030600,7054934
2694,967166,7885166,6918000
2695,966400,7985033,7018633
2696,1073133,8007633,6934500
2697,1039400,8019500,6980100
2698,937566,8032800,7095234
2699,1050566,8659200,7608634
2700,1148400,7852233,6703833
2701,1064233,8031833,6967600
2702,1087000,8442966,7355966
2703,963100,7873633,6910533
2704,1333433,9081400,7747967
2705,1085566,9091300,8005734
2706,967600,7936200,6968600
2707,1046466,8225733,7179267
2708,1049533,8239233,7189700
2709,1075233,8858566,7783333
2710,980566,8115666,7135100
2711,1048600,8228000,7179400
2712,952366,8100866,7148500
2713,1110400,8203400,7093000
2714,1085366,8312666,7227300
2715,1087966,8132966,7045000
2716,1026000,8323800,7297800
2717,1070233,8706133,7635900
2718,974866,8602066,7627200
2719,1032800,8163033,7130233
2720,1047966,8151733,7103767
2721,1651400,7955500,6304100
2722,1117366,8308533,7191167
2723,1072666,8204300,7131634
2724,1208900,8072666,6863766
2725,1238266,8963200,7724934
2726,1285400,8208733,6923333
2727,960533,8286766,7326233
2728,1209500,8711833,7502333
2729,1065733,8742300,7676567
2730,1074566,8246766,7172200
2731,1053666,8973900,7920234
2732,1103000,8367900,7264900
2733,1113700,8909900,7796200
2734,1211866,9113566,7901700
2735,1230066,8329233,7099167
2736,969633,8131500,7161867
2737,1002733,8369400,7366667
2738,1050666,8279566,7228900
2739,1164600,8134833,6970233
2740,1004000,8351366,7347366
2741,997300,8155133,7157833
2742,1041033,8241533,7200500
2743,1162633,8796466,7633833
2744,1614433,8549833,6935400
2745,1104066,8099233,6995167
2746,1031700,8179666,7147966
2747,982433,8150066,7167633
2748,982866,8756033,7773167
2749,1245866,8552933,7307067
2750,1063300,8509300,7446000
2751,1165200,8518433,7353233
2752,1011866,8733466,7721600
2753,1088433,9149933,8061500
2754,1035200,8259500,7224300
2755,1004066,8395900,7391834
2756,1100600,8454233,7353633
2757,1011833,8666366,7654533
2758,1031266,8586733,7555467
2759,1073533,8376133,7302600
2760,986533,8217700,7231167
2761,1009266,8261833,7252567
2762,1167633,8507800,7340167
2763,979000,8344433,7365433
2764,1014333,8513133,7498800
2765,1146666,9217166,8070500
2766,1073300,8402633,7329333
2767,1000400,8384200,7383800
2768,1092000,8418833,7326833
2769,1080000,8518333,7438333
2770,987266,8467300,7480034
2771,1118633,8394433,7275800
2772,1020600,8245033,7224433
2773,989566,8455200,7465634
2774,1113966,8348633,7234667
2775,1011133,8456666,7445533
2776,1624300,8477633,6853333
2777,1208366,8530566,7322200
2778,1052166,8369833,7317667
2779,1115033,8476500,7361467
2780,1231600,8361533,7129933
2781,974433,8242266,7267833
2782,1168333,8532933,7364600
2783,1094866,8729200,7634334
2784,1053200,8522200,7469000
2785,1274666,8554166,7279500
2786,1114300,8745666,7631366
2787,1124133,8480766,7356633
2788,1006733,8604700,7597967
2789,1168233,9148800,7980567
2790,1115633,8646133,7530500
2791,1054566,8754400,7699834
2792,1111500,8525266,7413766
2793,997966,8336233,7338267
2794,1026066,8543233,7517167
2795,1208066,8932966,7724900
2796,1044233,8574600,7530367
2797,1177533,8705633,7528100
2798,1145800,8627600,7481800
2799,1047766,8546000,7498234
2800,1296200,8718733,7422533
2801,1121066,8849733,7728667
2802,1031733,8447700,7415967
2803,1268133,8762766,7494633
2804,1129200,8809300,7680100
2805,1131966,9307300,8175334
2806,1083900,8821466,7737566
2807,1103800,8666633,7562833
2808,1021366,8485266,7463900
2809,1034433,8723866,7689433
2810,1166666,8683166,7516500
2811,1027766,8563366,7535600
2812,1064100,8924800,7860700
2813,1088200,9280400,8192200
2814,1110466,8797533,7687067
2815,1303400,8775000,7471600
2816,1283000,9187233,7904233
2817,1695200,9936233,8241033
2818,1135266,9252866,8117600
2819,1227366,9794500,8567134
2820,1292966,9608833,8315867
2821,1292866,9132600,7839734
2822,1202500,9147400,7944900
2823,1114700,8766000,7651300
2824,1076200,8895666,7819466
2825,1133266,8850066,7716800
2826,1136266,8853566,7717300
2827,1075600,9058466,7982866
2828,1146266,8888900,7742634
2829,1091000,8737566,7646566
2830,1023133,9051866,8028733
2831,1108266,8767533,7659267
2832,1078333,8657566,7579233
2833,1258633,8945300,7686667
2834,1133400,8684033,7550633
2835,1421800,8774266,7352466
2836,1193600,8829333,7635733
2837,1187066,9188866,8001800
2838,1057400,8696566,7639166
2839,1147066,8942000,7794934
2840,1187000,8907500,7720500
2841,1101966,8866400,7764434
2842,1151900,8826300,7674400
2843,1223100,9086833,7863733
2844,1086200,9261700,8175500
2845,1225333,8808233,7582900
2846,1089133,9012633,7923500
2847,1121066,8902833,7781767
2848,1111666,9159266,8047600
2849,1236300,9750533,8514233
2850,1105200,9237766,8132566
2851,1078200,8916766,7838566
2852,1177333,8877700,7700367
2853,1100700,9221200,8120500
2854,1081366,8829100,7747734
2855,1260133,9446500,8186367
2856,1061733,8895533,7833800
2857,1069333,9041266,7971933
2858,1187233,8956266,7769033
2859,1099500,8728133,7628633
2860,1122733,9021433,7898700
2861,1199400,9125666,7926266
2862,1085366,8815700,7730334
2863,1105933,8927700,7821767
2864,1230433,9095333,7864900
2865,1093666,9046066,7952400
2866,1102500,9273700,8171200
2867,1185866,9266266,8080400
2868,1193233,9121766,7928533
2869,1091533,9015333,7923800
2870,1234933,9259966,8025033
2871,1076033,9062300,7986267
2872,1270066,9026800,7756734
2873,1182500,9334166,8151666
2874,1115366,8953266,7837900
2875,1223566,8937066,7713500
2876,1201833,9198966,7997133
2877,1084166,9546233,8462067
2878,1432900,9882466,8449566
2879,1209100,9606666,8397566
2880,1130266,9536966,8406700
2881,1101100,9261500,8160400
2882,1194533,9184733,7990200
2883,1125333,9544466,8419133
2884,1142600,9310033,8167433
2885,1235000,9409933,8174933
2886,1107000,9108833,8001833
2887,1261700,9144300,7882600
2888,1178833,9264900,8086067
2889,1089466,9181733,8092267
2890,1283733,9349666,8065933
2891,1232333,9944800,8712467
2892,1422866,9357700,7934834
2893,1233366,9301433,8068067
2894,1185733,9291866,8106133
2895,1083200,9312833,8229633
2896,1255666,9413433,8157767
2897,1183133,9560666,8377533
2898,1129033,9293966,8164933
2899,1126833,9312733,8185900
2900,1205533,9378533,8173000
2901,1080766,10394600,9313834
2902,1125833,9381400,8255567
2903,1220333,9866033,8645700
2904,1095566,9218366,8122800
2905,1169800,9427433,8257633
2906,1149933,9203266,8053333
2907,1114000,9648833,8534833
2908,1311366,9703433,8392067
2909,1215566,9717833,8502267
2910,1273633,9621300,8347667
2911,1365700,9367266,8001566
2912,1188766,9361300,8172534
2913,1121266,9229133,8107867
2914,1326233,9424400,8098167
2915,1201033,9525366,8324333
2916,1116200,9070933,7954733
2917,1261633,9587400,8325767
2918,1216433,9588500,8372067
2919,1161433,9324333,8162900
2920,1122100,9299333,8177233
2921,1198000,9389633,8191633
2922,1201866,9454733,8252867
2923,1138866,9255633,8116767
2924,1244966,9602100,8357134
2925,1133600,9472833,8339233
2926,1256833,9463733,8206900
2927,1213166,9642866,8429700
2928,1099100,9684300,8585200
2929,1289833,9333333,8043500
2930,1206066,9565466,8359400
2931,1147500,9489200,8341700
2932,1129366,9401866,8272500
2933,1192500,9661600,8469100
2934,1177566,9343766,8166200
2935,1200700,9494633,8293933
2936,1243200,9728766,8485566
2937,1126433,9246133,8119700
2938,1312933,9563800,8250867
2939,1226866,9879266,8652400
2940,1102900,9427533,8324633
2941,1145700,9517933,8372233
2942,1190566,9601733,8411167
2943,1127066,9362766,8235700
2944,1386100,9588833,8202733
2945,1232466,9743366,8510900
2946,1163233,9595533,8432300
2947,1383466,9510233,8126767
2948,1231266,9818566,8587300
2949,1177233,9459800,8282567
2950,1155800,9630300,8474500
2951,1214000,9886033,8672033
2952,1143166,9389366,8246200
2953,1131700,9783233,8651533
2954,1230633,9492100,8261467
2955,1149866,9459666,8309800
2956,1306233,9528766,8222533
2957,1267766,9861900,8594134
2958,1142533,9487233,8344700
2959,1157766,9543500,8385734
2960,1261133,10080333,8819200
2961,1131933,9482733,8350800
2962,1350500,9675700,8325200
2963,1229866,9963466,8733600
2964,1315133,9766633,8451500
2965,1170433,9802833,8632400
2966,1262766,9720800,8458034
2967,1154366,9735866,8581500
2968,1198066,10070200,8872134
2969,1233733,9751966,8518233
2970,1131533,9488333,8356800
2971,1318400,9764033,8445633
2972,1261466,9999866,8738400
2973,1195733,9603200,8407467
2974,1169000,9769366,8600366
2975,1291833,9964200,8672367
2976,1158766,9870500,8711734
2977,1413933,9733333,8319400
2978,1265433,9883600,8618167
2979,1202500,9719033,8516533
2980,1171133,9743566,8572433
2981,1261533,10574766,9313233
2982,1148933,9604400,8455467
2983,1395600,9942266,8546666
2984,1248266,9783266,8535000
2985,1134600,9771600,8637000
2986,1161033,9896433,8735400
2987,1372366,10135200,8762834
2988,1243833,9705533,8461700
2989,1395533,9947433,8551900
2990,1244466,10147833,8903367
2991,1160766,9729866,8569100
2992,1151766,9939933,8788167
2993,1270700,12066100,10795400
2994,1151500,9805533,8654033
2995,1177633,10000466,8822833
2996,1266933,10001700,8734767
2997,1158100,9911333,8753233
2998,1206800,10075366,8868566
2999,1257566,9829733,8572167
3000,1220733,9828333,8607600
3001,1182433,9914266,8731833
3002,1259166,10036766,8777600
3003,1178900,9919200,8740300
3004,1421533,10081133,8659600
3005,1246233,10249900,9003667
3006,1262133,9992966,8730833
3007,1433900,9981533,8547633
3008,1292666,10266533,8973867
3009,1278866,10163900,8885034
3010,1361033,10710533,9349500
3011,1294300,10146866,8852566
3012,1180566,9868000,8687434
3013,1299600,10036200,8736600
3014,1283633,10146766,8863133
3015,1306100,10038200,8732100
3016,1460000,10279333,8819333
3017,1289700,10163466,8873766
3018,1148333,10210766,9062433
3019,1316566,10065100,8748534
3020,1260866,10195033,8934167
3021,1331600,10313866,8982266
3022,1248366,10156433,8908067
3023,1297000,10567700,9270700
3024,1270366,9917600,8647234
3025,1481133,10199500,8718367
3026,1247933,10033266,8785333
3027,1165766,10291466,9125700
3028,1378700,10127766,8749066
3029,1316233,10604033,9287800
3030,1769666,10433900,8664234
3031,1334666,10285866,8951200
3032,1272233,10161500,8889267
3033,1179200,10300766,9121566
3034,1184766,10090133,8905367
3035,1282400,10270833,8988433
3036,1180766,10148300,8967534
3037,1401900,10164133,8762233
3038,1290066,10364233,9074167
3039,1233466,10381700,9148234
3040,1380300,10488133,9107833
3041,1306500,10699366,9392866
3042,1185566,10258733,9073167
3043,1350766,10402066,9051300
3044,1350900,10369733,9018833
3045,1168100,10550533,9382433
3046,1291433,10473700,9182267
3047,1262033,10417500,9155467
3048,1184266,9996933,8812667
3049,2015566,10081733,8066167
3050,1356400,10355933,8999533
3051,1211500,10130500,8919000
3052,1255366,10241133,8985767
3053,1295900,10590966,9295066
3054,1179900,10448633,9268733
3055,1305400,10493700,9188300
3056,1298733,10425066,9126333
3057,1285200,10604900,9319700
3058,1270000,10525233,9255233
3059,1346800,10964866,9618066
3060,1587000,10055733,8468733
3061,1285333,10609500,9324167
3062,1292733,10686100,9393367
3063,1193566,10405100,9211534
3064,1297833,10640800,9342967
3065,1276133,10465000,9188867
3066,1308766,10710133,9401367
3067,1201500,10391000,9189500
3068,1297566,10384000,9086434
3069,1319366,10507433,9188067
3070,1285766,10468733,9182967
3071,1298266,10378200,9079934
3072,1354633,10844033,9489400
3073,1235300,10650866,9415566
3074,1295500,10591300,9295800
3075,1357500,10546666,9189166
3076,1205266,10452933,9247667
3077,1310600,10568566,9257966
3078,1328166,10724533,9396367
3079,1207233,10459466,9252233
3080,1298900,9972766,8673866
3081,1310766,10675866,9365100
3082,1232500,10735666,9503166
3083,1326766,10503433,9176667
3084,1268600,10697933,9429333
3085,1493333,10788866,9295533
3086,1336066,10705433,9369367
3087,1399400,10664733,9265333
3088,1313466,10818633,9505167
3089,1513100,10917766,9404666
3090,1226800,10072100,8845300
3091,1284966,10724966,9440000
3092,1334500,10524100,9189600
3093,1262133,10936466,9674333
3094,1452733,10530900,9078167
3095,1307300,10806166,9498866
3096,1264400,10280766,9016366
3097,1434066,10467500,9033434
3098,1459966,10734600,9274634
3099,1266200,10346166,9079966
3100,1324000,10470833,9146833
3101,1287333,10477666,9190333
3102,1229400,10853366,9623966
3103,1406400,10679733,9273333
3104,1326000,10749366,9423366
3105,1269200,10662066,9392866
3106,1232100,10542966,9310866
3107,1306066,11065200,9759134
3108,1383533,10836133,9452600
3109,1232466,10494366,9261900
3110,1329366,10760133,9430767
3111,1240166,10470566,9230400
3112,1261233,10922433,9661200
3113,1377466,11020300,9642834
3114,1479566,10532133,9052567
3115,1221300,10644400,9423100
3116,1395333,10660333,9265000
3117,1251633,10929366,9677733
3118,1234333,10778466,9544133
3119,1318100,11049000,9730900
3120,1339966,10628933,9288967
3121,1607400,10809500,9202100
3122,1352066,10553233,9201167
3123,1302933,10641866,9338933
3124,1423900,10722133,9298233
3125,1350433,11091700,9741267
3126,1250866,10879333,9628467
3127,1284833,10959333,9674500
3128,1361166,11004800,9643634
3129,1288100,10909500,9621400
3130,1282266,11011800,9729534
3131,1373500,11169133,9795633
3132,1361500,10839133,9477633
3133,1469166,11076466,9607300
3134,1336800,10910900,9574100
3135,1347366,10996566,9649200
3136,1515333,11082333,9567000
3137,1341266,11062433,9721167
3138,1255233,10850200,9594967
3139,1326866,10934333,9607467
3140,1366533,11076700,9710167
3141,1325800,10912066,9586266
3142,1377833,10931966,9554133
3143,1351800,10965733,9613933
3144,1319600,10876200,9556600
3145,1249466,10859000,9609534
3146,1458033,10962000,9503967
3147,1257333,10943033,9685700
3148,1284366,11116266,9831900
3149,1407533,11491433,10083900
3150,1245233,10668666,9423433
3151,1555533,10974933,9419400
3152,1449800,11185666,9735866
3153,1388566,11101600,9713034
3154,1554500,11012733,9458233
3155,1349366,11179433,9830067
3156,1240800,11095766,9854966
3157,1271633,11020233,9748600
3158,1367966,11012233,9644267
3159,1299366,10960533,9661167
3160,1259600,11018533,9758933
3161,1362400,11373633,10011233
3162,1256833,11195766,9938933
3163,1633433,11158033,9524600
3164,1393933,11111500,9717567
3165,1322533,11171566,9849033
3166,1476366,11068100,9591734
3167,1394100,11227600,9833500
3168,1296466,10846533,9550067
3169,1383233,11272266,9889033
3170,1390600,11223233,9832633
3171,1268933,10924633,9655700
3172,1271033,11189200,9918167
3173,1369866,11639733,10269867
3174,1358733,11127500,9768767
3175,1279666,11161900,9882234
3176,1372733,11154633,9781900
3177,1270066,10899900,9629834
3178,1471000,11136033,9665033
3179,1258700,11091833,9833133
3180,1341900,11446633,10104733
3181,1278400,11123333,9844933
3182,1373100,11347866,9974766
3183,1268433,11632066,10363633
3184,1291133,11236633,9945500
3185,1375866,11381166,10005300
3186,1344033,10980033,9636000
3187,1291700,11291766,10000066
3188,1300900,11307866,10006966
3189,1352200,11613166,10260966
3190,1285333,11157533,9872200
3191,1409566,11256966,9847400
3192,1287166,11110666,9823500
3193,1285233,11357133,10071900
3194,1388266,11189933,9801667
3195,1299100,11369866,10070766
3196,1400333,11173433,9773100
3197,1381433,11381500,10000067
3198,1271866,11285066,10013200
3199,1468333,11364966,9896633
3200,1391633,11695966,10304333
3201,1350933,11437766,10086833
3202,1293200,11410833,10117633
3203,1363733,11547900,10184167
3204,1320333,11321966,10001633
3205,1470966,11266733,9795767
3206,1392200,11480766,10088566
3207,1393033,11391033,9998000
3208,1718766,11362400,9643634
3209,1388100,11868700,10480600
3210,1278966,11489366,10210400
3211,1486166,11277733,9791567
3212,1392133,11489733,10097600
3213,1402000,11532666,10130666
3214,1323366,11371033,10047667
3215,1494033,11680066,10186033
3216,1386633,11475100,10088467
3217,1555500,11362300,9806800
3218,1439333,11418766,9979433
3219,1312300,11409766,10097466
3220,1590733,11608433,10017700
3221,1483166,12143566,10660400
3222,1318700,11651533,10332833
3223,1471233,11378766,9907533
3224,1543733,11694266,10150533
3225,2198666,11344400,9145734
3226,1537866,11518766,9980900
3227,1420066,11771133,10351067
3228,1350233,11257100,9906867
3229,1338833,11532133,10193300
3230,1457533,11712833,10255300
3231,1531866,11763433,10231567
3232,1320766,11617666,10296900
3233,1471600,12190500,10718900
3234,1367266,11546133,10178867
3235,1646633,11727400,10080767
3236,1441433,11898633,10457200
3237,1460633,11876800,10416167
3238,1512000,11519566,10007566
3239,1469066,12572800,11103734
3240,1415600,12283733,10868133
3241,1336700,11450600,10113900
3242,1466833,11555633,10088800
3243,1320366,11651700,10331334
3244,1482300,11644166,10161866
3245,1433233,11832566,10399333
3246,1368133,11427800,10059667
3247,1498166,11709533,10211367
3248,1422166,11552100,10129934
3249,1466800,11626766,10159966
3250,1433300,11840066,10406766
3251,1455733,12111600,10655867
3252,1405266,11822633,10417367
3253,1585366,11664166,10078800
3254,1459066,11810400,10351334
3255,1336700,11831966,10495266
3256,1527100,11786400,10259300
3257,1478866,12061400,10582534
3258,1330666,11663933,10333267
3259,1574466,11944233,10369767
3260,1504000,11722100,10218100
3261,1341066,11816566,10475500
3262,1616066,12051700,10435634
3263,1530833,12246500,10715667
3264,1341066,11571700,10230634
3265,1379633,11795233,10415600
3266,1462100,11743333,10281233
3267,1420200,11757800,10337600
3268,1343566,11703666,10360100
3269,1455666,11892166,10436500
3270,1333066,11885133,10552067
3271,1424166,12168966,10744800
3272,1444100,11622766,10178666
3273,1376366,11760633,10384267
3274,1596566,11879500,10282934
3275,1440733,12149266,10708533
3276,1498933,11875233,10376300
3277,1423133,12027966,10604833
3278,1491433,11944800,10453367
3279,1444066,11919566,10475500
3280,1640066,11748633,10108567
3281,1458000,12088800,10630800
3282,1349866,11815433,10465567
3283,1379133,11919000,10539867
3284,1450533,11943300,10492767
3285,1454900,11780300,10325400
3286,1376300,11926566,10550266
3287,1463200,12445033,10981833
3288,2015500,11916866,9901366
3289,1380800,11870700,10489900
3290,1452366,11910200,10457834
3291,1466200,11927000,10460800
3292,1465433,12524266,11058833
3293,1434733,11925566,10490833
3294,1350000,11708900,10358900
3295,1635133,11934300,10299167
3296,1489500,12194233,10704733
3297,1401100,11827500,10426400
3298,1585366,12028166,10442800
3299,1489900,12389066,10899166
3300,1355933,11855000,10499067
3301,1560000,12179533,10619533
3302,1446000,12196833,10750833
3303,1465400,12507166,11041766
3304,1530766,11967333,10436567
3305,1478200,12435633,10957433
3306,1346633,11858900,10512267
3307,1546533,12152633,10606100
3308,1638033,11984500,10346467
3309,1354733,11765500,10410767
3310,1590500,12121400,10530900
3311,1515200,12826666,11311466
3312,1371800,12067433,10695633
3313,1371066,12073866,10702800
3314,1582633,12378300,10795667
3315,1430500,12228066,10797566
3316,1366866,12075333,10708467
3317,1459300,12532633,11073333
3318,1385200,12352466,10967266
3319,1496366,12054966,10558600
3320,1489300,12355400,10866100
3321,1394433,12067933,10673500
3322,1568100,12942333,11374233
3323,1550366,12561633,11011267
3324,1510533,12584966,11074433
3325,1407800,12273800,10866000
3326,1497600,12381566,10883966
3327,1546966,12393833,10846867
3328,1615866,12477533,10861667
3329,1583133,12522933,10939800
3330,1510166,12495033,10984867
3331,1458966,12422133,10963167
3332,1520033,12625166,11105133
3333,1467133,11989466,10522333
3334,1578600,12268900,10690300
3335,1534633,12891900,11357267
3336,1369633,12543200,11173567
3337,1676500,12389733,10713233
3338,1487066,12272133,10785067
3339,1546266,12191433,10645167
3340,1484500,12423300,10938800
3341,1528833,12876666,11347833
3342,1543133,12294333,10751200
3343,1535300,12578833,11043533
3344,1516033,12533700,11017667
3345,1394433,12543000,11148567
3346,1596800,12585533,10988733
3347,1504466,12608133,11103667
3348,1408766,12315666,10906900
3349,1395566,12392133,10996567
3350,1564300,12639000,11074700
3351,2262500,12424466,10161966
3352,2325833,12177966,9852133
3353,1511266,12441700,10930434
3354,2286733,12551800,10265067
3355,2301566,12675266,10373700
3356,2295700,12521000,10225300
3357,2303366,12568333,10264967
3358,2264166,12519366,10255200
3359,2274966,12471633,10196667
3360,2410100,12521566,10111466
3361,2325100,12039433,9714333
3362,2260133,12396200,10136067
3363,2406933,12569433,10162500
3364,2512600,12891033,10378433
3365,1542133,12747266,11205133
3366,2236500,12722900,10486400
3367,2186500,12470666,10284166
3368,2067466,13220566,11153100
3369,2489300,13032233,10542933
3370,2361433,12959300,10597867
3371,2375500,12933633,10558133
3372,2408600,12989533,10580933
3373,2490033,12874633,10384600
3374,2392433,12616000,10223567
3375,2269000,12786600,10517600
3376,2605466,12958600,10353134
3377,2376700,12642200,10265500
3378,2307433,12790400,10482967
3379,1593566,12819233,11225667
3380,2300233,12900633,10600400
3381,2233200,12916466,10683266
3382,2236833,12534200,10297367
3383,2349333,12733866,10384533
3384,2331433,13088266,10756833
3385,1624666,12679966,11055300
3386,2332733,12919200,10586467
3387,2636633,13284733,10648100
3388,2269833,13259566,10989733
3389,2417033,12615033,10198000
3390,2302566,12649700,10347134
3391,2207933,12788733,10580800
3392,2246033,12926666,10680633
3393,2275666,13204400,10928734
3394,2290300,12914133,10623833
3395,2261633,12652666,10391033
3396,1863233,12929600,11066367
3397,2400966,12981633,10580667
3398,2359533,12694333,10334800
3399,2357133,12883433,10526300
3400,2425266,13001666,10576400
3401,2211233,13146666,10935433
3402,2247933,12605700,10357767
3403,2409633,12693366,10283733
3404,1819500,12585533,10766033
3405,2257266,13292700,11035434
3406,2362166,12956066,10593900
3407,2315733,12575800,10260067
3408,2166033,13041066,10875033
3409,2299266,13100000,10800734
3410,2301400,12890533,10589133
3411,2175933,12973200,10797267
3412,2334200,13054333,10720133
3413,2300300,12901300,10601000
3414,2296033,13099066,10803033
3415,2315400,13049766,10734366
3416,1612866,12775000,11162134
3417,2220100,13213166,10993066
3418,1537133,12948700,11411567
3419,1547333,12813300,11265967
3420,2179433,13024266,10844833
3421,2386466,13126733,10740267
3422,2353033,13154766,10801733
3423,2329400,13005100,10675700
3424,2311833,13131900,10820067
3425,2593333,12804200,10210867
3426,2166166,13045600,10879434
3427,2337700,13152166,10814466
3428,2339733,13040333,10700600
3429,2320600,13100400,10779800
3430,2202200,13075633,10873433
3431,2404933,12565800,10160867
3432,2207400,13150633,10943233
3433,2335066,13201300,10866234
3434,2384300,13249100,10864800
3435,2251566,13095400,10843834
3436,2306000,13073300,10767300
3437,2313700,13186600,10872900
3438,1716300,13170400,11454100
3439,2209500,13107966,10898466
3440,2319500,13049433,10729933
3441,2375300,13083500,10708200
3442,2297400,13096166,10798766
3443,1542100,12770166,11228066
3444,2336166,13231633,10895467
3445,2251833,13478033,11226200
3446,2227133,13671200,11444067
3447,2324433,13120533,10796100
3448,1585133,13113266,11528133
3449,2377800,13088700,10710900
3450,2375300,13286133,10910833
3451,2436100,13153166,10717066
3452,2472100,13197266,10725166
3453,2475700,13197766,10722066
3454,2438433,12992733,10554300
3455,2208866,13080066,10871200
3456,2190433,12886833,10696400
3457,2484633,12917300,10432667
3458,2058800,12781500,10722700
3459,2308300,13139633,10831333
3460,2350166,13469733,11119567
3461,2398866,13705033,11306167
3462,2586966,13447933,10860967
3463,2106066,13529533,11423467
3464,2435633,13637766,11202133
3465,2460166,13905766,11445600
3466,1660466,13638366,11977900
3467,2521900,13877666,11355766
3468,2410200,13644066,11233866
3469,1593466,13625600,12032134
3470,2488433,13483366,10994933
3471,2400033,13384466,10984433
3472,1599566,13571100,11971534
3473,2545300,13716566,11171266
3474,2455366,13661100,11205734
3475,2435266,13640866,11205600
3476,2432966,13171633,10738667
3477,2405266,13502200,11096934
3478,2443033,13193433,10750400
3479,2432766,13642000,11209234
3480,2412100,13583733,11171633
3481,2439566,13567333,11127767
3482,2327733,13245600,10917867
3483,2426466,13024133,10597667
3484,2441400,13354966,10913566
3485,2508233,13135533,10627300
3486,1590800,13670600,12079800
3487,2347900,13632000,11284100
3488,1665100,13512600,11847500
3489,2465266,13727366,11262100
3490,2088733,13953233,11864500
3491,2545333,13768700,11223367
3492,2409466,13583266,11173800
3493,1792633,13219300,11426667
3494,2375033,13576966,11201933
3495,2399233,13686366,11287133
3496,2664400,13268366,10603966
3497,2419400,13488200,11068800
3498,2420533,13476066,11055533
3499,1682400,13527866,11845466
3500,2100933,13553800,11452867
3501,1655066,13372166,11717100
3502,2265833,13661900,11396067
3503,2373666,13559700,11186034
3504,2393166,13666066,11272900
3505,2384366,13722800,11338434
3506,1605366,13575900,11970534
3507,2301633,13956500,11654867
3508,2256166,13527833,11271667
3509,2404000,14069566,11665566
3510,2391700,13744666,11352966
3511,2441800,14008166,11566366
3512,1662633,13592233,11929600
3513,2280566,13758833,11478267
3514,2367833,13821900,11454067
3515,2394000,13714200,11320200
3516,2482733,13625266,11142533
3517,1616633,13590933,11974300
3518,2397000,13984000,11587000
3519,2405600,14187566,11781966
3520,2432166,13872466,11440300
3521,2486000,13533966,11047966
3522,2386033,13807433,11421400
3523,2412500,14322233,11909733
3524,1693866,13628933,11935067
3525,2258433,13532033,11273600
3526,2415400,13790600,11375200
3527,1695800,14027066,12331266
3528,2690700,13517533,10826833
3529,2414866,13987133,11572267
3530,1622700,13745666,12122966
3531,2424933,13930233,11505300
3532,2509966,13669166,11159200
3533,2466600,13616033,11149433
3534,2406600,13699333,11292733
3535,2430766,14085400,11654634
3536,2410333,13943100,11532767
3537,2402533,13936033,11533500
3538,2389233,13783200,11393967
3539,1618900,13773666,12154766
3540,2319500,14010966,11691466
3541,2298566,13836966,11538400
3542,2311100,14141200,11830100
3543,2320533,13748200,11427667
3544,2416533,13852233,11435700
3545,1630733,14233733,12603000
3546,2478266,14152566,11674300
3547,2431566,13922400,11490834
3548,2459266,13927533,11468267
3549,2426400,13814333,11387933
3550,2423200,13953466,11530266
3551,1648233,13643833,11995600
3552,2421266,13903800,11482534
3553,2461333,13931266,11469933
3554,1631900,13839000,12207100
3555,2446633,13932533,11485900
3556,2526466,13776866,11250400
3557,2415700,14168033,11752333
3558,1877133,13580333,11703200
3559,2439233,13938066,11498833
3560,2413400,14132766,11719366
3561,2330366,13971733,11641367
3562,2421400,13851933,11430533
3563,2433166,13991966,11558800
3564,2295066,14010333,11715267
3565,1716300,13754266,12037966
3566,2369633,14005766,11636133
3567,2342000,13911900,11569900
3568,1850766,13859133,12008367
3569,2441433,14199900,11758467
3570,2370000,14111933,11741933
3571,2480733,14233233,11752500
3572,2355600,13998133,11642533
3573,2486366,14151833,11665467
3574,2648866,14115166,11466300
3575,2451700,14212966,11761266
3576,2500233,14455633,11955400
3577,2460233,14080000,11619767
3578,2895166,14322133,11426967
3579,2887566,14472233,11584667
3580,2608466,14091500,11483034
3581,2527600,14042633,11515033
3582,1682800,14764966,13082166
3583,2387066,14197500,11810434
3584,1601700,13963466,12361766
3585,2674500,14585066,11910566
3586,2572933,14133333,11560400
3587,2554333,14611466,12057133
3588,2575700,14328166,11752466
3589,1685933,14713966,13028033
3590,2655800,14818566,12162766
3591,2511700,14410933,11899233
3592,1679166,13652100,11972934
3593,2397266,14898600,12501334
3594,2448666,14130400,11681734
3595,1952366,13916866,11964500
3596,2238066,14269300,12031234
3597,2578000,14748100,12170100
3598,1770800,14513900,12743100
3599,2688200,14388400,11700200
3600,2176933,14124800,11947867
3601,2558333,14148000,11589667
3602,1917833,13880200,11962367
3603,2604700,14298233,11693533
3604,2533100,14252966,11719866
3605,2425166,13958066,11532900
3606,2417666,14211533,11793867
3607,2412566,13919433,11506867
3608,2401833,13790933,11389100
3609,2430066,13979500,11549434
3610,2421000,13726900,11305900
3611,2413866,14088600,11674734
3612,2455333,14133133,11677800
3613,2429433,14030966,11601533
3614,2438566,14132133,11693567
3615,2452966,14053866,11600900
3616,2592666,14135666,11543000
3617,2445866,14112800,11666934
3618,2442933,13931533,11488600
3619,2478900,14417633,11938733
3620,2678666,14645166,11966500
3621,2722733,14688900,11966167
3622,2536166,14589900,12053734
3623,2642233,14338700,11696467
3624,2565300,14024566,11459266
3625,2577533,14584866,12007333
3626,2552900,14163433,11610533
3627,2566066,13854633,11288567
3628,2510166,14334400,11824234
3629,2622200,14240633,11618433
3630,2553966,13973033,11419067
3631,2589600,14677600,12088000
3632,1681833,14630600,12948767
3633,1687866,14302966,12615100
3634,2679000,14512000,11833000
3635,2624133,14303900,11679767
3636,2902233,14477800,11575567
3637,2583400,14452266,11868866
3638,2896233,14357333,11461100
3639,2698566,14411366,11712800
3640,2906500,14584566,11678066
3641,2681433,14390900,11709467
3642,2658566,14427400,11768834
3643,2573566,14408533,11834967
3644,2633166,14254066,11620900
3645,2576066,14142866,11566800
3646,2602633,14750433,12147800
3647,2588766,14201166,11612400
3648,2571166,13941933,11370767
3649,2721233,14626800,11905567
3650,2513100,14459533,11946433
3651,2567433,14415666,11848233
3652,2482366,14313366,11831000
3653,2631433,14904000,12272567
3654,2560266,14737600,12177334
3655,2521100,14959633,12438533
3656,2544600,15162700,12618100
3657,2473366,14899666,12426300
3658,2603733,14756900,12153167
3659,2708000,14964700,12256700
3660,2694633,14517966,11823333
3661,2566066,14914566,12348500
3662,2618700,14750400,12131700
3663,2520833,14940400,12419567
3664,2592300,15135033,12542733
3665,2704866,14939766,12234900
3666,2580533,14891966,12311433
3667,2663766,15082333,12418567
3668,2698066,14702200,12004134
3669,2699100,14844933,12145833
3670,2662900,14944466,12281566
3671,2704166,14702300,11998134
3672,2719033,14629033,11910000
3673,1771300,15324933,13553633
3674,2816700,15115433,12298733
3675,2709200,15156933,12447733
3676,1767400,15586900,13819500
3677,3051100,14730066,11678966
3678,2607500,15042733,12435233
3679,2470966,15221300,12750334
3680,2468366,14975500,12507134
3681,2576433,14801033,12224600
3682,2434933,15002066,12567133
3683,2453566,15066000,12612434
3684,2453366,15127966,12674600
3685,2453733,15116066,12662333
3686,2458800,15294200,12835400
3687,2460800,14936733,12475933
3688,2656400,14810533,12154133
3689,2447033,15138233,12691200
3690,2476200,14978500,12502300
3691,2583400,15034700,12451300
3692,2597533,15120633,12523100
3693,1961233,14966166,13004933
3694,2510200,14990100,12479900
3695,2717400,15137533,12420133
3696,2479366,14976233,12496867
3697,2759233,14675066,11915833
3698,2572033,15154300,12582267
3699,2561733,15467566,12905833
3700,1773200,15133766,13360566
3701,2731766,16209766,13478000
3702,2649466,15813800,13164334
3703,2735200,15384700,12649500
3704,2730000,15391566,12661566
3705,2753966,15979633,13225667
3706,2654033,15433133,12779100
3707,2647566,15342733,12695167
3708,2738066,15544600,12806534
3709,2746266,15060000,12313734
3710,1770733,15658833,13888100
3711,2714666,15274666,12560000
3712,2692933,15412300,12719367
3713,2686233,15641433,12955200
3714,2729333,16019566,13290233
3715,2743966,15504666,12760700
3716,1777866,14557966,12780100
3717,2682766,15465800,12783034
3718,2563933,15189500,12625567
3719,2579600,15340733,12761133
3720,2684200,15354766,12670566
3721,2955433,15266400,12310967
3722,2708233,15630666,12922433
3723,2739200,15229000,12489800
3724,2753733,15268066,12514333
3725,1823800,15057233,13233433
3726,2650733,15168066,12517333
3727,2617566,15123200,12505634
3728,2538433,15583733,13045300
3729,2657333,15123233,12465900
3730,2759733,15145766,12386033
3731,1710466,15325233,13614767
3732,2769500,14847066,12077566
3733,2680533,15506566,12826033
3734,2715600,15455966,12740366
3735,2579066,15891000,13311934
3736,1830900,15259000,13428100
3737,2611000,15909633,13298633
3738,2712600,15333300,12620700
3739,2600633,15842600,13241967
3740,2707466,15883433,13175967
3741,2758600,15607366,12848766
3742,2774300,15150233,12375933
3743,1741433,15294400,13552967
3744,2715733,15486566,12770833
3745,2671366,15413533,12742167
3746,2690466,15631233,12940767
3747,2660233,15549933,12889700
3748,1792833,15490900,13698067
3749,2755000,15756700,13001700
3750,2682000,15621766,12939766
3751,2721900,15494900,12773000
3752,1849400,15920000,14070600
3753,2779066,15663333,12884267
3754,2737733,15742933,13005200
3755,2793333,15259466,12466133
3756,2736266,15749000,13012734
3757,2790600,15285066,12494466
3758,2786400,15358033,12571633
3759,2813666,15992533,13178867
3760,2779933,15841333,13061400
3761,2790466,15380100,12589634
3762,1840500,15665500,13825000
3763,2549533,15755166,13205633
3764,2786733,15349200,12562467
3765,2739433,15894300,13154867
3766,2488466,15959533,13471067
3767,2850666,14680966,11830300
3768,2823400,15385300,12561900
3769,2524866,15604366,13079500
3770,2853700,15623800,12770100
3771,2785300,15302366,12517066
3772,2836400,15526266,12689866
3773,2785333,15513200,12727867
3774,1807033,15701566,13894533
3775,3072133,15835866,12763733
3776,2803100,15578800,12775700
3777,2874600,15650466,12775866
3778,2792466,15606033,12813567
3779,1842933,14630733,12787800
3780,2655133,15851033,13195900
3781,2647400,15734200,13086800
3782,2796966,15778100,12981134
3783,2501433,15719433,13218000
3784,2796500,15602733,12806233
3785,2816966,15713600,12896634
3786,2739766,16101033,13361267
3787,2713300,15762166,13048866
3788,2636966,15907200,13270234
3789,1729600,15828133,14098533
3790,2718133,15620300,12902167
3791,2761466,15768533,13007067
3792,2743366,15579500,12836134
3793,2836833,16009266,13172433
3794,2876233,15558433,12682200
3795,2782466,16248700,13466234
3796,2753333,16507233,13753900
3797,1839766,15639400,13799634
3798,2850066,15845133,12995067
3799,2770100,15903500,13133400
3800,2618566,15869100,13250534
3801,2830000,15655266,12825266
3802,1816466,15808366,13991900
3803,2716100,15976233,13260133
3804,2739800,16200766,13460966
3805,2712100,16194900,13482800
3806,1836266,15928433,14092167
3807,2704466,15958533,13254067
3808,2878433,15884433,13006000
3809,2600433,16325833,13725400
3810,2595500,16425966,13830466
3811,3119800,15886300,12766500
3812,2591266,16109200,13517934
3813,2736433,16240700,13504267
3814,1816333,16048800,14232467
3815,2766766,16649033,13882267
3816,2734333,16194266,13459933
3817,2725700,16158433,13432733
3818,2735900,16030833,13294933
3819,1948066,15901233,13953167
3820,1837300,15747800,13910500
3821,2607900,16701900,14094000
3822,2803133,15950966,13147833
3823,1854666,16048433,14193767
3824,2748566,16267466,13518900
3825,2775866,15873766,13097900
3826,2779400,16093200,13313800
3827,1843566,15892400,14048834
3828,2863333,16389933,13526600
3829,2793833,16182666,13388833
3830,1847433,16209600,14362167
3831,2801733,16139533,13337800
3832,3088600,16018000,12929400
3833,2752666,16573300,13820634
3834,2752700,16506333,13753633
3835,2764533,16290800,13526267
3836,2865766,16438166,13572400
3837,2804766,16613466,13808700
3838,2780266,16540300,13760034
3839,2802466,16468633,13666167
3840,2815500,16423066,13607566
3841,2776233,16269733,13493500
3842,1856600,16555866,14699266
3843,2802300,16367433,13565133
3844,2868266,16550766,13682500
3845,2800233,16216100,13415867
3846,2651466,16448566,13797100
3847,2676266,16899566,14223300
3848,2652966,16318400,13665434
3849,2641500,16193200,13551700
3850,2754766,16460200,13705434
3851,2865900,16276000,13410100
3852,2716366,16327133,13610767
3853,2643366,16397533,13754167
3854,2645700,16492966,13847266
3855,2626633,16427966,13801333
3856,2926200,15858433,12932233
3857,2938533,16171200,13232667
3858,2636433,16621966,13985533
3859,2653933,16543700,13889767
3860,2876666,16293333,13416667
3861,2661600,16865266,14203666
3862,2664533,16744966,14080433
3863,2623600,16473400,13849800
3864,2624466,16757200,14132734
3865,2924300,16337800,13413500
3866,2640900,16631066,13990166
3867,2643966,16529533,13885567
3868,2895433,16429766,13534333
3869,2626600,16563566,13936966
3870,2666633,16552800,13886167
3871,2945900,16278466,13332566
3872,2932800,16174900,13242100
3873,1769700,16382400,14612700
3874,2827166,17036966,14209800
3875,1867600,16169566,14301966
3876,2721600,16487766,13766166
3877,2133966,16599100,14465134
3878,2809066,16383166,13574100
3879,2800066,16740766,13940700
3880,2828800,16667566,13838766
3881,1882500,16507033,14624533
3882,2669300,16568266,13898966
3883,3226800,16910600,13683800
3884,2688800,16761200,14072400
3885,1819133,16509966,14690833
3886,2775400,17218100,14442700
3887,2817133,16786633,13969500
3888,2841266,16818600,13977334
3889,2924166,16352300,13428134
3890,2953133,16794500,13841367
3891,1946300,16874800,14928500
3892,1876400,16480833,14604433
3893,2921900,16598433,13676533
3894,2843400,16873200,14029800
3895,2802800,16891066,14088266
3896,2653500,16926600,14273100
3897,2740533,16805966,14065433
3898,2957100,16631766,13674666
3899,2831500,16832966,14001466
3900,2764466,17037666,14273200
3901,2747700,16728466,13980766
3902,2703866,17180300,14476434
3903,2947733,17099000,14151267
3904,2948900,16841466,13892566
3905,2876500,16702866,13826366
3906,2934200,16741333,13807133
3907,1914000,16663400,14749400
3908,1991533,16890200,14898667
3909,2935133,16673833,13738700
3910,2947366,16629166,13681800
3911,2867666,17027333,14159667
3912,2848966,17179800,14330834
3913,2924566,16856266,13931700
3914,2867933,16960766,14092833
3915,2825100,16974233,14149133
3916,2858166,16802633,13944467
3917,1908666,16948766,15040100
3918,2828300,17068466,14240166
3919,2891033,17150100,14259067
3920,1908000,16792500,14884500
3921,2849933,16906733,14056800
3922,2863100,16870300,14007200
3923,2967133,16661033,13693900
3924,2222333,17031566,14809233
3925,2812166,17324166,14512000
3926,2873200,17203100,14329900
3927,2854133,17144100,14289967
3928,1935500,16961900,15026400
3929,2909000,17524100,14615100
3930,2687600,16914666,14227066
3931,2137533,16957366,14819833
3932,2709700,17129633,14419933
3933,2901400,16924166,14022766
3934,2888033,17482200,14594167
3935,2715200,17323033,14607833
3936,2726433,16913066,14186633
3937,3171966,16710200,13538234
3938,2707866,17004366,14296500
3939,2721133,17155166,14434033
3940,1964700,17090466,15125766
3941,1860866,17200900,15340034
3942,2707600,17008000,14300400
3943,1798000,16947300,15149300
3944,2793800,17169766,14375966
3945,2689433,17329433,14640000
3946,2210666,16794000,14583334
3947,2848366,17120633,14272267
3948,1826600,17267233,15440633
3949,2886533,17425566,14539033
3950,2740900,17019233,14278333
3951,2897566,17391766,14494200
3952,2035500,17477800,15442300
3953,3034966,17147233,14112267
3954,2902466,17338333,14435867
3955,2875400,17606033,14730633
3956,2919766,17402733,14482967
3957,2054166,17035633,14981467
3958,2938733,17994033,15055300
3959,1913833,17259500,15345667
3960,1845766,17079966,15234200
3961,2863033,17337166,14474133
3962,2966166,17145300,14179134
3963,2973900,17400433,14426533
3964,2968733,17473600,14504867
3965,1937866,17329000,15391134
3966,2952000,17810833,14858833
3967,2927066,17460833,14533767
3968,3075533,17239566,14164033
3969,2064166,17360633,15296467
3970,2914800,17610033,14695233
3971,3015866,17486666,14470800
3972,2776633,17740400,14963767
3973,2185433,17405366,15219933
3974,2854333,18678500,15824167
3975,2791400,17717266,14925866
3976,2976666,17693566,14716900
3977,2797033,17709666,14912633
3978,2966633,17345066,14378433
3979,2954400,17297966,14343566
3980,2969800,17856400,14886600
3981,1950000,16973600,15023600
3982,2979133,18443833,15464700
3983,3172666,17378766,14206100
3984,2801133,17666133,14865000
3985,3072766,17440966,14368200
3986,1856166,17222700,15366534
3987,2885766,17550733,14664967
3988,2001000,17747700,15746700
3989,2992333,17753666,14761333
3990,2858266,17921733,15063467
3991,3060400,17526833,14466433
3992,2469166,17393400,14924234
3993,3077466,17530100,14452634
3994,2216766,17192866,14976100
3995,3095100,16959000,13863900
3996,2988800,17520800,14532000
3997,2883033,17866433,14983400
3998,1940966,17076433,15135467
3999,2993533,17444633,14451100
4000,2889800,17449533,14559733
4001,3134600,18627133,15492533
4002,3017566,17945166,14927600
4003,2116866,17553100,15436234
4004,1979766,17915533,15935767
4005,3055366,18101066,15045700
4006,2865300,17976366,15111066
4007,2850000,17775000,14925000
4008,2811800,17758233,14946433
4009,2251666,17591100,15339434
4010,1967433,17654966,15687533
4011,2932100,17865400,14933300
4012,2969300,17731733,14762433
4013,3025066,18149466,15124400
4014,2821666,17799833,14978167
4015,1859866,17367666,15507800
4016,3080700,17684466,14603766
4017,2842900,17835166,14992266
4018,2932133,18088466,15156333
4019,1866200,17767600,15901400
4020,2947500,18124733,15177233
4021,1995500,17962600,15967100
4022,2981233,18025966,15044733
4023,2959233,17879166,14919933
4024,2973033,18014233,15041200
4025,2968400,18063066,15094666
4026,3097033,17517866,14420833
4027,2963100,17976100,15013000
4028,2009200,17993466,15984266
4029,2818900,17779133,14960233
4030,2815366,18090466,15275100
4031,3054400,18377133,15322733
4032,2901500,18364733,15463233
4033,3335733,18059500,14723767
4034,3042533,18206966,15164433
4035,3109033,18252400,15143367
4036,3140366,17725466,14585100
4037,2021300,18192500,16171200
4038,2887233,17972033,15084800
4039,1879500,17508000,15628500
4040,2935933,18083600,15147667
4041,2854966,17998666,15143700
4042,2844233,18134066,15289833
4043,2999933,18062333,15062400
4044,3144800,17967833,14823033
4045,2976466,18090466,15114000
4046,2898233,18103966,15205733
4047,3097333,17855633,14758300
4048,3069633,18783233,15713600
4049,2923833,18280233,15356400
4050,3003900,18045266,15041366
4051,2900800,18048300,15147500
4052,2916433,17803000,14886567
4053,1901633,17812100,15910467
4054,2912366,18279933,15367567
4055,3172066,17589000,14416934
4056,2075366,18135033,16059667
4057,2897000,18323033,15426033
4058,2933800,18468766,15534966
4059,1908533,17896600,15988067
4060,2932433,18373200,15440767
4061,2998700,18357766,15359066
4062,2997433,18709166,15711733
4063,3027833,18557633,15529800
4064,3014000,18164266,15150266
4065,3167633,18191033,15023400
4066,3130333,17833066,14702733
4067,2033633,18020100,15986467
4068,3022000,18015400,14993400
4069,2029700,17753833,15724133
4070,3068000,18821866,15753866
4071,3055266,18199066,15143800
4072,3041400,18568700,15527300
4073,3041366,18272333,15230967
4074,3033333,18459466,15426133
4075,3018466,18345233,15326767
4076,2293500,17908966,15615466
4077,3032200,18316200,15284000
4078,2029066,18642533,16613467
4079,3101466,18572200,15470734
4080,3029566,18495066,15465500
4081,3127033,18496066,15369033
4082,2029000,18182200,16153200
4083,3105500,18264733,15159233
4084,2050000,17430066,15380066
4085,3044633,18555600,15510967
4086,3082766,18918166,15835400
4087,3032100,18373466,15341366
4088,2041500,17367066,15325566
4089,2938700,18599733,15661033
4090,2908300,18369000,15460700
4091,3174200,18140533,14966333
4092,2934300,18195066,15260766
4093,2979733,18871600,15891867
4094,2959333,18435066,15475733
4095,3055400,18284200,15228800
4096,2050500,18174633,16124133
4097,3094700,19999833,16905133
4098,2594033,19831666,17237633
4099,3205033,17839100,14634067
4100,2935400,18588500,15653100
4101,2985933,18720800,15734867
4102,3206133,18696900,15490767
4103,3001966,18689700,15687734
4104,3018833,18297533,15278700
4105,2988433,18942466,15954033
4106,1920300,20214833,18294533
4107,2975266,18545700,15570434
4108,3244966,18370200,15125234
4109,2986000,18631266,15645266
4110,2938000,18527500,15589500
4111,3035100,18836833,15801733
4112,2014333,18339533,16325200
4113,2931666,19070333,16138667
4114,2274566,18230400,15955834
4115,3023266,19405166,16381900
4116,2068433,18801466,16733033
4117,3042166,19049566,16007400
4118,1984266,19073000,17088734
4119,3001866,18931833,15929967
4120,3170266,18473666,15303400
4121,3093733,18986033,15892300
4122,3108933,18723966,15615033
4123,3151966,18745733,15593767
4124,2068300,18996466,16928166
4125,3417166,18758333,15341167
4126,2709500,19684533,16975033
4127,2902166,19983300,17081134
4128,2353366,19244866,16891500
4129,3185066,19224233,16039167
4130,2358800,17751600,15392800
4131,3281066,18390000,15108934
4132,2308366,18293100,15984734
4133,2166400,19037266,16870866
4134,3271633,18699933,15428300
4135,2601733,19524400,16922667
4136,3362700,18514733,15152033
4137,3345266,18701600,15356334
4138,2019866,18680800,16660934
4139,3278900,18472366,15193466
4140,3250400,18893900,15643500
4141,3393266,19357400,15964134
4142,2259400,19184033,16924633
4143,3344966,19267666,15922700
4144,3396966,19606200,16209234
4145,2681300,20628800,17947500
4146,3041500,20814933,17773433
4147,3585500,21871233,18285733
4148,4298100,21787666,17489566
4149,2564066,20984133,18420067
4150,3897366,21782833,17885467
4151,3499666,21293700,17794034
4152,2842133,23967433,21125300
4153,3760700,19827700,16067000
4154,3333333,20174433,16841100
4155,2872000,20404600,17532600
4156,2974200,21102100,18127900
4157,3562000,23334466,19772466
4158,2941733,28723300,25781567
4159,3520666,24502600,20981934
4160,3555333,22594333,19039000
4161,3062100,19973666,16911566
4162,2784133,19617133,16833000
4163,3204366,19536966,16332600
4164,3316933,19228533,15911600
4165,3676600,21554666,17878066
4166,3678933,20814100,17135167
4167,3284133,20145566,16861433
4168,2652300,19635300,16983000
4169,3520866,19915600,16394734
4170,3528833,19802533,16273700
4171,3108533,19255633,16147100
4172,3281000,20095266,16814266
4173,2894833,19986300,17091467
4174,2881300,20332233,17450933
4175,3552433,19351033,15798600
4176,3412600,19188000,15775400
4177,2304700,19511400,17206700
4178,3264633,21009133,17744500
4179,3095500,20953133,17857633
4180,3143666,19544233,16400567
4181,2527966,18479800,15951834
4182,2992166,19405366,16413200
4183,3299300,18936700,15637400
4184,3105666,19332600,16226934
4185,3241266,19404233,16162967
4186,3163100,19255733,16092633
4187,3298333,18705800,15407467
4188,2288966,19289300,17000334
4189,3034966,19981133,16946167
4190,2143166,19726333,17583167
4191,3368866,19283766,15914900
4192,3138700,19137700,15999000
4193,2959733,19225733,16266000
4194,3244900,19382933,16138033
4195,2554000,19702500,17148500
4196,3134366,19635633,16501267
4197,3208800,19690966,16482166
4198,3211633,19551333,16339700
4199,3133200,20374733,17241533
4200,3109033,20007166,16898133
4201,3442133,19306700,15864567
4202,2200500,19784966,17584466
4203,2158500,19928200,17769700
4204,2541566,19662500,17120934
4205,2639033,20064366,17425333
4206,3104500,20022733,16918233
4207,3656066,19843966,16187900
4208,2719266,19293700,16574434
4209,3419033,19417600,15998567
4210,3264166,19707333,16443167
4211,2918400,19539500,16621100
4212,3124033,19490300,16366267
4213,3377566,19458333,16080767
4214,3387033,20237066,16850033
4215,3036533,19664866,16628333
4216,3073000,19597366,16524366
4217,2028533,19257400,17228867
4218,3207366,19651100,16443734
4219,3239066,19630666,16391600
4220,2033566,19312800,17279234
4221,3110933,19683533,16572600
4222,3205233,19679500,16474267
4223,3208666,20114533,16905867
4224,3399033,19445566,16046533
4225,3382333,19252466,15870133
4226,3240333,19218333,15978000
4227,3230833,19417266,16186433
4228,3290733,19514166,16223433
4229,3223433,19405733,16182300
4230,3320200,19666766,16346566
4231,3402900,19708666,16305766
4232,3351666,19931033,16579367
4233,2397833,20194766,17796933
4234,3365733,20212900,16847167
4235,2374700,20478866,18104166
4236,3541366,19984366,16443000
4237,3316800,20182633,16865833
4238,3416266,20159666,16743400
4239,3116533,20220000,17103467
4240,3363600,19930133,16566533
4241,3316033,20441933,17125900
4242,3110700,19334600,16223900
4243,3321400,20290866,16969466
4244,3578333,20614633,17036300
4245,3459333,22210600,18751267
4246,3499700,21757900,18258200
4247,3876533,21012666,17136133
4248,3472866,20318833,16845967
4249,2820400,19780466,16960066
4250,3615533,19815900,16200367
4251,3216633,19623633,16407000
4252,3479366,19708866,16229500
4253,3393900,19656400,16262500
4254,2321966,19704433,17382467
4255,2696666,20770066,18073400
4256,3408866,19820166,16411300
4257,3266433,20057900,16791467
4258,3454266,19634766,16180500
4259,3235533,19515566,16280033
4260,3291566,19968666,16677100
4261,3287500,19580933,16293433
4262,3309966,19739400,16429434
4263,2220800,19412800,17192000
4264,3332500,20117733,16785233
4265,3301133,20721366,17420233
4266,2178866,20240433,18061567
4267,3278800,20166966,16888166
4268,3386133,19921800,16535667
4269,3298333,19934666,16636333
4270,3295266,19909766,16614500
4271,3321000,20517666,17196666
4272,3319700,20261333,16941633
4273,3279400,20090166,16810766
4274,3407300,19848900,16441600
4275,3320133,20051066,16730933
4276,2193533,20246933,18053400
4277,3250433,21034166,17783733
4278,3264200,20256900,16992700
4279,3228233,20168533,16940300
4280,3575600,20163033,16587433
4281,3196200,20370200,17174000
4282,3473766,21481300,18007534
4283,2090833,20002766,17911933
4284,3994900,20688433,16693533
4285,3137900,20539033,17401133
4286,3334733,20171766,16837033
4287,3108933,20655766,17546833
4288,2967800,20621200,17653400
4289,3423533,20199566,16776033
4290,3255666,20358633,17102967
4291,3392533,20023866,16631333
4292,3269466,19910666,16641200
4293,3111233,20428400,17317167
4294,3123800,20074166,16950366
4295,3266133,20448033,17181900
4296,3444200,19953166,16508966
4297,2245200,20149033,17903833
4298,3348333,20599533,17251200
4299,3766100,20863200,17097100
4300,2173166,20254500,18081334
4301,3298200,20326766,17028566
4302,3422966,19969166,16546200
4303,2367133,20098500,17731367
4304,3258500,20529666,17271166
4305,3159000,20448100,17289100
4306,2511700,20152833,17641133
4307,2259866,20431100,18171234
4308,3123466,20690566,17567100
4309,3178833,20397266,17218433
4310,3125700,19923700,16798000
4311,2601866,19891066,17289200
4312,3134466,20657733,17523267
4313,3279966,20531300,17251334
4314,3130566,20746633,17616067
4315,3243633,20471433,17227800
4316,3444300,20206866,16762566
4317,2371600,20449666,18078066
4318,3177433,20700133,17522700
4319,3497366,20271633,16774267
4320,3134966,20655166,17520200
4321,3121300,20598033,17476733
4322,3122400,20613466,17491066
4323,3115200,20612733,17497533
4324,2082400,20269400,18187000
4325,3130466,20443300,17312834
4326,2077900,20342033,18264133
4327,3157333,20812300,17654967
4328,2162133,20360133,18198000
4329,3286366,20803200,17516834
4330,3319566,20725166,17405600
4331,2211500,20299300,18087800
4332,3335133,21032166,17697033
4333,2345133,20332966,17987833
4334,3231666,20857433,17625767
4335,3214133,20524400,17310267
4336,3203866,20685133,17481267
4337,3210400,20673666,17463266
4338,3250300,20559733,17309433
4339,3493866,20485266,16991400
4340,3157233,20446600,17289367
4341,3477233,20543366,17066133
4342,3360833,20895866,17535033
4343,3308766,21152400,17843634
4344,3354600,20610633,17256033
4345,3305533,20994433,17688900
4346,3632666,20550733,16918067
4347,3237366,20824133,17586767
4348,2234133,20511733,18277600
4349,3145433,20893600,17748167
4350,3278333,21521233,18242900
4351,2571200,21248566,18677366
4352,3532066,19779100,16247034
4353,2728966,20813900,18084934
4354,3353300,21038666,17685366
4355,3475733,21128700,17652967
4356,3385600,20930000,17544400
4357,2282766,20549766,18267000
4358,3380500,21044633,17664133
4359,3381133,20762366,17381233
4360,3773866,20885000,17111134
4361,3268866,20775933,17507067
4362,3277533,21114700,17837167
4363,3411400,21314066,17902666
4364,3352466,20929600,17577134
4365,3575966,20976333,17400367
4366,3430666,21136533,17705867
4367,2330833,21294466,18963633
4368,3444600,20836333,17391733
4369,3592666,20942733,17350067
4370,2315166,21111600,18796434
4371,3456200,21288800,17832600
4372,3346066,21393366,18047300
4373,3423200,20959566,17536366
4374,2271666,20566466,18294800
4375,3405366,21217033,17811667
4376,2285300,21075966,18790666
4377,3533666,21282566,17748900
4378,3454166,21436866,17982700
4379,3459533,21750433,18290900
4380,3402833,21636400,18233567
4381,3738966,21105666,17366700
4382,3422000,21270066,17848066
4383,3652666,21236500,17583834
4384,3425733,21306433,17880700
4385,2298566,21000466,18701900
4386,3446733,21313133,17866400
4387,3519700,21192300,17672600
4388,2307300,21001066,18693766
4389,3588400,20870833,17282433
4390,3479233,21538400,18059167
4391,3356200,21807533,18451333
4392,3303266,21423533,18120267
4393,2312100,21719400,19407300
4394,3523966,21761733,18237767
4395,3557600,21833900,18276300
4396,3487533,21388500,17900967
4397,3494100,21329133,17835033
4398,3201833,21689333,18487500
4399,3524966,22019566,18494600
4400,3603466,21557766,17954300
4401,3510433,21581633,18071200
4402,3132066,21395033,18262967
4403,3314466,21441466,18127000
4404,3462633,21689400,18226767
4405,2375700,21517066,19141366
4406,2356566,21298900,18942334
4407,3626466,21535566,17909100
4408,3702500,21886300,18183800
4409,3354533,21812466,18457933
4410,3357000,21308266,17951266
4411,2445366,22161233,19715867
4412,3446100,21313033,17866933
4413,3463133,21933366,18470233
4414,3884300,21509000,17624700
4415,3414400,21098133,17683733
4416,3654733,20859433,17204700
4417,3327600,21070600,17743000
4418,2592733,21760200,19167467
4419,3470633,21468366,17997733
4420,3767533,21442966,17675433
4421,3399666,21442800,18043134
4422,3515400,21445166,17929766
4423,3663433,21223800,17560367
4424,2393433,21302966,18909533
4425,3610100,21706533,18096433
4426,3474700,21751133,18276433
4427,3474266,22262866,18788600
4428,2420933,21551300,19130367
4429,3402200,21884833,18482633
4430,3683033,21453800,17770767
4431,2261700,20934166,18672466
4432,3338600,21527466,18188866
4433,3679200,21241500,17562300
4434,3555666,21862533,18306867
4435,3487600,22113100,18625500
4436,3282266,21636933,18354667
4437,3590966,21777066,18186100
4438,3526566,21764466,18237900
4439,3667766,21595733,17927967
4440,3458266,22142833,18684567
4441,2347233,21480366,19133133
4442,3369666,21841766,18472100
4443,3484766,22282066,18797300
4444,3717933,21754666,18036733
4445,3319966,22122100,18802134
4446,3393966,21506500,18112534
4447,3837200,21977900,18140700
4448,3384800,21724566,18339766
4449,3620300,23185633,19565333
4450,3651066,21810566,18159500
4451,3189600,22343900,19154300
4452,3635566,22699266,19063700
4453,2403466,22790433,20386967
4454,3958166,22559000,18600834
4455,2515966,21908000,19392034
4456,3648233,22015200,18366967
4457,3658233,22295200,18636967
4458,3684100,21750233,18066133
4459,3542500,22341233,18798733
4460,3604400,22291366,18686966
4461,2812966,21875466,19062500
4462,2360300,22479800,20119500
4463,3735800,22809900,19074100
4464,3691566,21705433,18013867
4465,3606666,22262833,18656167
4466,3901433,21864633,17963200
4467,3428733,21526433,18097700
4468,2242166,21821700,19579534
4469,3408766,22238433,18829667
4470,3362700,21578566,18215866
4471,3354700,21905066,18550366
4472,2773300,22062900,19289600
4473,2330400,22750333,20419933
4474,3661900,22417933,18756033
4475,3432900,21548466,18115566
4476,3374700,22070500,18695800
4477,2341600,21260033,18918433
4478,3382400,22264566,18882166
4479,3693000,22198800,18505800
4480,3798666,22260200,18461534
4481,3681100,21753633,18072533
4482,3788433,22116433,18328000
4483,3847500,21926266,18078766
4484,3709033,22100333,18391300
4485,3738800,21787000,18048200
4486,3937833,22246400,18308567
4487,3726033,21743000,18016967
4488,3731066,22118333,18387267
4489,3725933,21972366,18246433
4490,2429500,22267933,19838433
4491,3732800,21837066,18104266
4492,3838400,22156233,18317833
4493,3806500,21881866,18075366
4494,2455933,22160566,19704633
4495,2450666,22489900,20039234
4496,3371933,22556400,19184467
4497,3255233,22593600,19338367
4498,2420233,22777066,20356833
4499,4100666,22991466,18890800
4500,2213766,22775566,20561800
4501,2484300,23004666,20520366
4502,4164300,22369266,18204966
4503,3767166,22574533,18807367
4504,3739833,22463566,18723733
4505,3774033,22516500,18742467
4506,3738966,22118500,18379534
4507,2405266,22408300,20003034
4508,2254033,22481266,20227233
4509,3784866,21842400,18057534
4510,3760700,22463833,18703133
4511,3769500,22030466,18260966
4512,3803333,22181566,18378233
4513,3912766,22496000,18583234
4514,3753400,22434733,18681333
4515,3768866,22313833,18544967
4516,3801466,22225333,18423867
4517,3776166,21902133,18125967
4518,3770233,22286466,18516233
4519,4037400,22444966,18407566
4520,2346900,22662566,20315666
4521,3781566,21911700,18130134
4522,3766666,21960200,18193534
4523,3913266,22236866,18323600
4524,3753066,23533300,19780234
4525,3887800,22454366,18566566
4526,4135000,22463733,18328733
4527,3852800,22611300,18758500
4528,2380133,22720366,20340233
4529,4117766,22329566,18211800
4530,3843666,22340933,18497267
4531,4028900,22378200,18349300
4532,3783533,23447400,19663867
4533,3818233,22134033,18315800
4534,3753133,22705966,18952833
4535,3810900,22845433,19034533
4536,3856733,22578400,18721667
4537,4071833,23149633,19077800
4538,3791533,22694366,18902833
4539,2337100,22800366,20463266
4540,3795900,22547766,18751866
4541,4034366,23028900,18994534
4542,3802733,22404000,18601267
4543,2403466,23199133,20795667
4544,3857333,22384133,18526800
4545,3812366,22954066,19141700
4546,3860233,22481133,18620900
4547,3818166,22963833,19145667
4548,3811266,22550700,18739434
4549,3845466,22568000,18722534
4550,4057966,22417766,18359800
4551,3879400,22645433,18766033
4552,3797300,22648900,18851600
4553,3872066,22279633,18407567
4554,3871900,22393333,18521433
4555,3820500,22671000,18850500
4556,3804333,22563633,18759300
4557,3890600,22782333,18891733
4558,4031800,22923500,18891700
4559,3812000,22921500,19109500
4560,3843733,22808433,18964700
4561,2561800,23293500,20731700
4562,4226466,23023800,18797334
4563,3805433,23419533,19614100
4564,3908800,22848866,18940066
4565,4091566,23530733,19439167
4566,3824633,23326066,19501433
4567,3933900,22746000,18812100
4568,3837800,22569133,18731333
4569,3870166,22862200,18992034
4570,3895866,23191100,19295234
4571,3876166,23299000,19422834
4572,3925400,22595633,18670233
4573,2714500,23339266,20624766
4574,3869700,23101066,19231366
4575,3892433,22978800,19086367
4576,4131233,23089900,18958667
4577,2471266,24578466,22107200
4578,3887166,23292366,19405200
4579,3874266,23253166,19378900
4580,3909566,22899800,18990234
4581,2411133,23205700,20794567
4582,3962866,23023900,19061034
4583,3913433,23062433,19149000
4584,3909366,23220900,19311534
4585,3959633,23293100,19333467
4586,2443633,29394500,26950867
4587,4928500,27405333,22476833
4588,3999733,26384566,22384833
4589,4683966,25030533,20346567
4590,2941633,25089100,22147467
4591,4354900,24593133,20238233
4592,3405266,23058466,19653200
4593,3190600,23458566,20267966
4594,2912000,23021466,20109466
4595,4067633,23255633,19188000
4596,4018500,22924266,18905766
4597,3235066,23407833,20172767
4598,2660133,23648166,20988033
4599,4101766,23289366,19187600
4600,4348866,23235366,18886500
4601,3275866,23240933,19965067
4602,2944600,24042866,21098266
4603,2686466,23776133,21089667
4604,4150833,23321400,19170567
4605,4146733,23587500,19440767
4606,4139833,23173600,19033767
4607,3396766,23292133,19895367
4608,3647700,24421300,20773600
4609,3832566,24901666,21069100
4610,3660266,24097600,20437334
4611,2989900,24026533,21036633
4612,4055700,23249766,19194066
4613,3269200,24485900,21216700
4614,4123466,23659500,19536034
4615,3318200,23832366,20514166
4616,4158866,23625600,19466734
4617,4307733,23263200,18955467
4618,4156566,23523566,19367000
4619,3536633,25711966,22175333
4620,4559266,23531133,18971867
4621,3158500,24009600,20851100
4622,4195233,23188400,18993167
4623,2892033,24006066,21114033
4624,2697800,23553366,20855566
4625,3565833,24765500,21199667
4626,3883800,25615433,21731633
4627,3149766,23936033,20786267
4628,3897966,23759266,19861300
4629,4257800,23757533,19499733
4630,4341333,24127366,19786033
4631,4110866,23463966,19353100
4632,4086433,23550166,19463733
4633,4086000,23432100,19346100
4634,4181900,23335866,19153966
4635,4317933,23512766,19194833
4636,4084600,23578066,19493466
4637,4059366,24267433,20208067
4638,4350033,23898800,19548767
4639,2518666,23820233,21301567
4640,4085600,23913933,19828333
4641,4137066,24101366,19964300
4642,4310433,23829100,19518667
4643,4109500,23450666,19341166
4644,4083233,23882933,19799700
4645,4075366,23210866,19135500
4646,2815266,24056966,21241700
4647,4098000,23586200,19488200
4648,4162100,23556000,19393900
4649,4115800,23459600,19343800
4650,4126966,23381300,19254334
4651,4096000,23688400,19592400
4652,4129533,23818933,19689400
4653,4216133,23702133,19486000
4654,4142733,23739133,19596400
4655,2563666,24112233,21548567
4656,4313066,23138733,18825667
4657,4115166,23582200,19467034
4658,4087900,23660133,19572233
4659,4152700,23621700,19469000
4660,4119133,23936600,19817467
4661,2620833,24182333,21561500
4662,4102633,23881366,19778733
4663,4160900,23648666,19487766
4664,4096433,23726900,19630467
4665,2427600,23781100,21353500
4666,4118166,23914700,19796534
4667,4123333,23810933,19687600
4668,2452400,23911133,21458733
4669,4220633,24069766,19849133
4670,4154900,24028500,19873600
4671,4137800,24225433,20087633
4672,3031600,24611200,21579600
4673,2704300,24167866,21463566
4674,3416933,24279166,20862233
4675,3629600,24057466,20427866
4676,3715200,24804433,21089233
4677,4213700,24079600,19865900
4678,4203500,24077166,19873666
4679,4193833,24182133,19988300
4680,4140933,24220200,20079267
4681,4385733,23893933,19508200
4682,2601933,24335400,21733467
4683,4163800,23768500,19604700
4684,4411833,24023933,19612100
4685,4375500,25197933,20822433
4686,4395833,24058200,19662367
4687,4146366,24224966,20078600
4688,4170433,24140033,19969600
4689,4183033,23709733,19526700
4690,3950066,24273133,20323067
4691,3934700,24534200,20599500
4692,4297533,24791666,20494133
4693,4148166,24703000,20554834
4694,4512433,24209066,19696633
4695,4227133,24372300,20145167
4696,4128600,24234300,20105700
4697,3357300,24375500,21018200
4698,4169966,24186733,20016767
4699,3004466,24018700,21014234
4700,4210600,24126666,19916066
4701,4332266,24461033,20128767
4702,2582233,24495933,21913700
4703,4141300,24705333,20564033
4704,4336200,24641833,20305633
4705,4168633,24138666,19970033
4706,4154266,24546433,20392167
4707,2655000,24728833,22073833
4708,4173466,24589000,20415534
4709,4249833,23941366,19691533
4710,2706633,23978533,21271900
4711,4162566,24418433,20255867
4712,3034833,24874100,21839267
4713,4167833,24166100,19998267
4714,4428100,24769633,20341533
4715,4179800,24116966,19937166
4716,4171700,24357600,20185900
4717,4337666,24741200,20403534
4718,4169366,24194866,20025500
4719,4314533,24239533,19925000
4720,4190366,24281066,20090700
4721,2806266,24667566,21861300
4722,4196533,24186433,19989900
4723,4257066,24336333,20079267
4724,4188133,24163233,19975100
4725,2761500,24506566,21745066
4726,2711066,24485766,21774700
4727,4354500,24831200,20476700
4728,4188833,24725166,20536333
4729,2761233,24820633,22059400
4730,4527300,24779233,20251933
4731,4257566,24637866,20380300
4732,4288866,24454533,20165667
4733,4195866,24311300,20115434
4734,4219766,24524300,20304534
4735,2603166,24592800,21989634
4736,4372633,24578766,20206133
4737,4249466,24633233,20383767
4738,4210533,24755900,20545367
4739,4206633,25095966,20889333
4740,4212233,25264766,21052533
4741,2624166,24932433,22308267
4742,4206566,24970133,20763567
4743,4211733,24802133,20590400
4744,4226266,24739966,20513700
4745,3751033,24962400,21211367
4746,4200100,24964066,20763966
4747,4365366,24621766,20256400
4748,4227566,24297066,20069500
4749,4252266,24942466,20690200
4750,4215800,24826800,20611000
4751,4232533,24724100,20491567
4752,4251300,24650966,20399666
4753,4418766,24775666,20356900
4754,4383166,24855066,20471900
4755,2727900,24880233,22152333
4756,2498666,24551533,22052867
4757,4233100,24420466,20187366
4758,2519666,25091033,22571367
4759,4276666,24926700,20650034
4760,4437900,24831933,20394033
4761,2495933,25307400,22811467
4762,4219466,25199933,20980467
4763,4464033,24981933,20517900
4764,4168266,24875133,20706867
4765,4248566,25110566,20862000
4766,4241933,25032266,20790333
4767,4259266,24827166,20567900
4768,4230633,24835366,20604733
4769,4237866,25091833,20853967
4770,4274900,25075466,20800566
4771,4292966,25121033,20828067
4772,4232233,24859900,20627667
4773,4227566,25140666,20913100
4774,4283366,25347933,21064567
4775,4242566,24959366,20716800
4776,2539033,25090900,22551867
4777,4223100,25384966,21161866
4778,4387000,25064233,20677233
4779,4253033,25211800,20958767
4780,4562433,25292200,20729767
4781,4310133,25349633,21039500
4782,4299733,25668133,21368400
4783,4246633,25607233,21360600
4784,4335466,25379466,21044000
4785,4283533,25150133,20866600
4786,4243100,24847633,20604533
4787,4256166,24911533,20655367
4788,4316166,25082700,20766534
4789,4245166,25839333,21594167
4790,4289033,25279066,20990033
4791,2521300,25730233,23208933
4792,4272466,25061966,20789500
4793,4314900,25401700,21086800
4794,4277200,25086000,20808800
4795,4253000,25477300,21224300
4796,4438133,25588066,21149933
4797,4268433,25046133,20777700
4798,4265200,25181300,20916100
4799,4272400,24962100,20689700
4800,4269266,25409900,21140634
4801,4355833,25198266,20842433
4802,4278966,25221600,20942634
4803,4313033,25428033,21115000
4804,2820766,25625600,22804834
4805,4446700,26328700,21882000
4806,4316833,25146433,20829600
4807,4421933,25270333,20848400
4808,4288100,25396000,21107900
4809,4303666,25530233,21226567
4810,4418300,25235000,20816700
4811,4315033,25149200,20834167
4812,2727100,25658733,22931633
4813,4350366,25395100,21044734
4814,2781066,25871133,23090067
4815,2589100,25547100,22958000
4816,4309400,24986933,20677533
4817,4288833,25366133,21077300
4818,4288166,25650800,21362634
4819,4287700,25213933,20926233
4820,4605766,25482866,20877100
4821,4317000,25071633,20754633
4822,4299433,25611166,21311733
4823,2692833,25494600,22801767
4824,4334300,25485266,21150966
4825,4283833,25439933,21156100
4826,4522633,25619900,21097267
4827,4819000,25583800,20764800
4828,4299566,25744400,21444834
4829,4292700,25668900,21376200
4830,4308300,25890266,21581966
4831,4304866,25933933,21629067
4832,4754333,25576533,20822200
4833,4614000,25595600,20981600
4834,4297033,25375600,21078567
4835,4246966,26039633,21792667
4836,4333200,26203366,21870166
4837,2763733,25160300,22396567
4838,4429733,26568833,22139100
4839,2826800,26012766,23185966
4840,4369633,26330500,21960867
4841,4437366,26377133,21939767
4842,4396166,26432700,22036534
4843,4147233,25914966,21767733
4844,4168766,25244233,21075467
4845,4077133,24824066,20746933
4846,4394966,24862633,20467667
4847,4141466,26253733,22112267
4848,4220733,25896866,21676133
4849,4116733,26185700,22068967
4850,2941133,26111866,23170733
4851,4116200,25997766,21881566
4852,4346800,26070700,21723900
4853,3420066,26713900,23293834
4854,4344300,25953766,21609466
4855,4357033,25392733,21035700
4856,4335033,26201000,21865967
4857,2743533,26464433,23720900
4858,4331100,25692400,21361300
4859,2555200,25952033,23396833
4860,4310200,26059000,21748800
4861,4349433,25805233,21455800
4862,4333333,26014966,21681633
4863,4554866,26180166,21625300
4864,4359533,25845400,21485867
4865,4313166,26175333,21862167
4866,4330333,25775666,21445333
4867,4409100,25558966,21149866
4868,2777500,26609200,23831700
4869,4578966,26277600,21698634
4870,4371600,26150333,21778733
4871,4345700,25576133,21230433
4872,4352300,26208200,21855900
4873,4325300,26536366,22211066
4874,2588500,26293933,23705433
4875,4624866,26054933,21430067
4876,2642333,25982733,23340400
4877,4363866,25671100,21307234
4878,4575100,26313400,21738300
4879,4363733,25983566,21619833
4880,4396866,25927100,21530234
4881,4393133,26139366,21746233
4882,2707366,26597033,23889667
4883,4534400,26147166,21612766
4884,2803133,26767000,23963867
4885,4385566,25870166,21484600
4886,4376166,26128733,21752567
4887,4387166,26001666,21614500
4888,4380166,26174733,21794567
4889,2772000,26274633,23502633
4890,4396433,25806900,21410467
4891,4513166,25976466,21463300
4892,4436933,25980500,21543567
4893,4388933,26004433,21615500
4894,4386733,26238733,21852000
4895,4376300,25977266,21600966
4896,4407133,26227633,21820500
4897,4396266,26255733,21859467
4898,4415166,26153666,21738500
4899,4362500,26475266,22112766
4900,4358966,26219566,21860600
4901,4422866,26193966,21771100
4902,4633500,26214133,21580633
4903,4382233,26347100,21964867
4904,2586300,26435733,23849433
4905,2919900,27147033,24227133
4906,4385100,26472733,22087633
4907,4400366,26345833,21945467
4908,4442333,26325766,21883433
4909,2817366,27018866,24201500
4910,4402166,26389000,21986834
4911,4430266,26440700,22010434
4912,4416766,26521333,22104567
4913,4397500,26384866,21987366
4914,4433900,26617233,22183333
4915,4386066,26451333,22065267
4916,2917466,26962866,24045400
4917,4611333,26569633,21958300
4918,4405666,26585633,22179967
4919,4432866,26798833,22365967
4920,4453533,26751200,22297667
4921,4416400,26485466,22069066
4922,4439833,26483966,22044133
4923,4400033,26543366,22143333
4924,2740866,27128533,24387667
4925,4446733,26573033,22126300
4926,2809100,26940300,24131200
4927,4446033,26433033,21987000
4928,2784733,27298333,24513600
4929,4437666,26281366,21843700
4930,4436700,26839333,22402633
4931,4483066,26719533,22236467
4932,4444766,26272066,21827300
4933,4421066,26688433,22267367
4934,4428033,26915633,22487600
4935,4412900,26741600,22328700
4936,4456433,26707333,22250900
4937,4443200,26672500,22229300
4938,4536533,26803966,22267433
4939,4472033,26403033,21931000
4940,4406100,26915466,22509366
4941,4684933,27065133,22380200
4942,4505233,26284833,21779600
4943,4483566,26421766,21938200
4944,2870200,26830866,23960666
4945,4520033,26711600,22191567
4946,4502033,26623033,22121000
4947,4492633,27040233,22547600
4948,4481700,26769600,22287900
4949,4517766,26715366,22197600
4950,4576766,27032066,22455300
4951,4508900,26752166,22243266
4952,4511766,26704700,22192934
4953,4474200,27256033,22781833
4954,4490133,27277300,22787167
4955,4464633,26791500,22326867
4956,4689600,27408733,22719133
4957,2768400,26915300,24146900
4958,4486566,26724100,22237534
4959,4571500,26843866,22272366
4960,4491166,26963466,22472300
4961,4505366,27165033,22659667
4962,4744233,27245433,22501200
4963,4485533,26901300,22415767
4964,4449100,27001900,22552800
4965,4660066,26948000,22287934
4966,4481200,27071833,22590633
4967,4525600,26840066,22314466
4968,4476633,26498800,22022167
4969,4573266,26856800,22283534
4970,4630833,26890833,22260000
4971,4518033,26702600,22184567
4972,4567333,27166633,22599300
4973,2740633,27440366,24699733
4974,3301366,26727900,23426534
4975,3717300,27439000,23721700
4976,4457700,27439633,22981933
4977,4589400,27420133,22830733
4978,4525333,27455333,22930000
4979,2742700,27275633,24532933
4980,4493466,27397566,22904100
4981,3975266,26641800,22666534
4982,4121033,26655066,22534033
4983,3631966,26403233,22771267
4984,3359466,27088333,23728867
4985,4552833,26212100,21659267
4986,4162666,26608100,22445434
4987,4063466,27223866,23160400
4988,4548566,27295533,22746967
4989,4681166,27039600,22358434
4990,4613166,26799033,22185867
4991,3928333,26828333,22900000
4992,3392033,26513533,23121500
4993,4082233,26830933,22748700
4994,4588900,27025066,22436166
4995,4782466,27057766,22275300
4996,4593433,26538100,21944667
4997,4166100,27138800,22972700
4998,3778166,26891633,23113467
4999,3948133,28247466,24299333
